59 28 7 15 95 83 61 9 97 15 76 46 56 55 97 69 69 97 23 63 86 35 50 8 97 87 35 28 47 86 31 53 11 17 34 16 27 77 60 39 19 76 39 35 12 16 18 56 81 96 24 78 55 13 44 40 76 39 30 63 50 84 41 71 6 71 12 72 90 3 99 63 32 7 36 67 35 60 63 69 28 31 74 20 65 61 2 4 41 20 84 28 47 97 80 13 23 26 70 78 
20 34 84 20 54 24 49 10 78 95 48 82 33 86 28 62 4 20 81 70 84 97 73 96 83 85 53 36 3 8 66 66 47 95 53 35 61 40 3 3 60 70 28 25 38 47 65 32 71 99 84 18 18 52 39 51 38 57 95 33 66 53 82 70 70 8 25 18 99 29 61 65 97 24 45 21 13 13 46 65 73 16 24 63 57 55 34 84 47 26 20 13 66 25 70 1 97 25 42 72 
88 61 29 28 86 2 12 25 66 59 75 9 77 11 79 72 37 37 93 74 34 92 55 49 73 52 40 98 30 49 33 9 66 36 3 80 80 15 21 12 49 66 53 55 10 33 91 4 38 60 99 37 93 19 66 17 21 76 10 79 19 31 86 64 22 93 98 40 20 51 98 84 47 14 27 36 23 98 28 28 35 56 5 28 81 90 57 9 73 14 89 94 44 6 22 35 79 32 69 27 
81 33 93 25 67 31 44 51 93 42 4 99 46 69 40 42 51 6 65 38 47 27 20 66 83 64 88 10 56 84 67 85 65 33 92 71 2 26 2 49 4 25 67 77 20 82 82 51 99 43 34 16 71 23 55 19 3 50 61 12 83 22 98 3 97 35 79 26 18 61 88 44 51 29 41 12 26 31 21 36 72 33 74 23 77 45 96 20 33 61 51 52 98 4 50 51 69 50 25 99 
88 4 29 82 29 22 26 84 59 4 51 83 50 40 17 45 62 91 67 2 61 5 30 85 92 60 74 59 6 83 16 87 65 28 26 59 47 98 61 10 72 33 95 30 35 44 37 4 44 48 51 77 25 59 58 69 44 7 67 92 64 38 11 69 12 95 92 62 20 7 51 83 14 78 48 15 78 10 74 75 11 23 52 61 99 69 25 42 93 21 1 56 57 96 46 51 27 91 6 81 
94 35 50 3 89 87 31 70 14 72 30 67 68 4 31 72 14 72 99 93 7 25 39 24 3 30 57 41 86 10 14 41 53 83 8 25 36 57 84 89 78 15 59 2 60 28 63 48 36 33 95 60 94 32 18 70 19 59 54 44 42 38 95 6 41 15 60 99 12 71 77 73 71 44 44 73 13 66 68 25 93 23 40 2 96 22 15 45 21 92 19 94 41 58 70 93 70 69 10 58 
7 40 41 38 43 84 44 81 21 9 66 52 79 14 60 18 37 47 65 48 72 71 45 34 16 60 28 69 77 67 43 36 63 16 13 91 19 50 47 49 83 81 98 59 75 5 61 40 46 95 78 35 52 11 10 96 82 76 66 55 18 80 15 89 23 99 30 86 31 25 87 34 74 64 81 54 59 65 48 51 39 71 4 33 51 55 77 51 7 99 91 3 30 85 89 35 76 46 12 36 
17 60 67 97 61 27 18 89 35 15 19 9 84 29 84 82 4 12 51 52 95 71 60 10 49 78 55 70 44 35 94 1 3 46 49 89 55 72 57 33 66 19 5 62 2 40 76 6 40 12 45 42 48 15 81 62 73 87 77 31 60 64 72 48 46 1 40 79 10 6 92 42 93 22 84 94 72 96 46 73 70 42 94 82 14 42 39 43 79 44 33 32 78 92 65 79 98 57 62 94 
67 3 19 14 84 86 41 67 64 51 29 9 5 21 11 92 44 25 2 74 8 32 91 37 1 1 10 23 94 55 4 35 20 97 22 41 56 89 10 54 73 8 81 13 98 10 61 69 20 25 35 14 79 21 55 99 16 27 64 4 70 16 56 58 56 91 42 69 37 6 37 10 95 31 79 93 9 3 85 80 93 91 8 72 84 67 79 66 48 94 63 78 22 45 45 67 1 54 48 30 
95 54 61 32 85 13 6 29 12 46 58 42 3 12 99 11 22 97 23 19 33 22 58 40 66 13 24 53 33 60 96 83 8 41 89 21 64 65 21 41 29 21 65 94 84 45 7 49 79 57 80 94 9 31 1 87 67 46 88 53 32 31 12 52 96 47 90 65 17 57 70 95 77 55 39 16 75 97 35 40 90 48 69 51 21 41 57 76 53 19 39 62 48 87 26 46 2 32 9 18 
27 83 7 15 69 29 9 89 16 77 7 79 19 33 72 89 33 40 23 31 1 46 52 38 54 8 68 83 36 68 63 92 10 78 52 16 21 78 4 71 25 99 54 59 23 16 48 32 81 60 81 26 5 74 28 87 1 26 89 7 53 93 80 59 85 71 55 67 96 92 73 12 89 70 12 77 51 7 96 67 10 30 63 41 31 72 30 40 25 12 47 99 20 6 30 47 31 63 1 63 
93 35 58 2 26 10 12 75 11 47 77 45 62 19 53 77 30 32 94 92 19 81 38 83 89 59 62 61 92 62 16 14 34 28 89 49 44 71 67 26 72 30 11 24 46 72 2 56 58 54 43 41 5 21 63 20 77 15 66 92 77 43 27 62 98 87 25 96 98 97 72 81 47 78 16 86 52 32 62 78 49 52 77 3 85 21 59 10 44 86 30 48 96 53 98 23 97 9 10 55 
33 44 67 31 3 12 17 97 69 48 54 55 85 43 39 3 7 14 67 74 85 38 26 85 76 52 46 25 50 93 95 83 16 79 39 48 36 80 15 39 20 68 54 4 30 45 84 61 94 51 54 42 19 97 82 52 50 87 22 91 7 34 71 98 64 32 92 40 9 74 11 81 11 36 94 22 66 76 21 48 95 62 73 30 73 85 90 31 98 22 65 32 97 63 41 8 63 16 27 73 
26 28 96 29 99 53 99 29 71 57 49 26 92 43 82 12 92 87 96 88 64 79 41 46 11 21 38 86 80 5 15 14 77 65 2 8 96 50 39 71 20 98 62 79 32 67 3 82 41 47 28 47 41 42 30 69 91 6 69 76 51 79 72 53 22 54 2 20 39 33 95 98 24 19 60 17 28 89 36 27 90 66 14 40 10 87 14 7 88 57 89 25 92 36 37 31 41 17 78 53 
35 27 72 18 79 28 32 63 68 73 8 69 55 71 25 1 57 53 14 15 1 98 27 45 68 55 24 43 30 26 65 48 81 97 8 7 76 37 28 23 92 36 84 28 84 59 13 30 59 50 15 89 86 21 32 28 69 37 1 65 53 61 16 16 21 71 27 2 97 67 10 42 92 99 20 58 90 99 69 92 24 8 58 72 78 27 63 55 86 2 53 39 56 74 69 24 10 36 92 55 
90 38 3 43 72 52 55 90 62 54 91 16 4 54 4 78 27 18 8 82 61 42 32 94 14 87 44 30 95 35 13 61 11 82 11 29 31 39 70 71 4 22 63 83 81 57 71 50 90 49 37 19 36 54 30 18 56 2 21 75 33 53 35 46 72 50 42 94 95 43 71 80 43 4 29 57 5 69 41 21 33 3 5 63 96 30 29 68 36 58 61 36 78 72 95 44 33 15 93 8 
91 2 45 65 84 10 8 82 6 27 55 4 71 44 69 61 97 95 53 31 42 95 99 35 37 39 65 26 9 67 40 63 71 26 36 50 32 69 82 16 81 8 53 99 30 18 54 95 1 30 24 25 84 62 94 2 12 7 32 99 20 40 99 32 57 23 93 56 34 90 29 66 33 92 13 17 47 80 50 7 68 47 9 43 19 25 35 95 60 73 4 89 50 13 87 94 42 53 61 2 
33 25 37 17 82 79 50 32 90 10 48 59 91 33 71 53 34 35 14 86 88 95 35 79 70 6 50 37 34 86 97 4 3 70 47 79 44 47 82 37 8 45 4 13 70 43 9 24 88 78 52 92 42 2 69 24 38 9 93 53 31 74 67 80 16 97 6 44 75 42 93 38 22 83 40 60 10 80 99 15 4 10 97 64 21 97 18 26 84 76 89 14 49 39 70 34 82 5 13 44 
83 3 32 54 20 30 87 64 6 21 48 91 7 45 62 53 13 40 37 1 79 49 61 22 77 68 10 37 22 79 89 11 5 40 14 44 16 98 57 47 4 6 11 6 33 42 47 94 40 24 62 82 70 63 78 46 95 30 25 19 30 25 70 58 44 35 88 45 95 57 53 6 71 1 43 99 76 56 96 93 27 41 31 30 93 57 1 48 5 1 58 27 36 63 72 56 92 83 72 45 
37 36 1 58 56 12 25 71 98 59 43 32 75 29 55 75 92 92 42 72 32 4 80 10 75 11 99 21 94 89 53 53 13 63 49 29 18 71 93 76 90 60 92 54 67 12 93 59 75 66 97 41 41 59 47 64 78 44 61 9 95 68 82 15 65 90 66 52 78 93 73 74 90 73 71 5 67 35 65 29 87 18 64 15 18 49 26 7 38 15 75 13 49 30 22 23 79 22 91 19 
47 66 6 24 48 75 39 6 65 75 74 8 37 62 42 38 82 4 49 18 94 75 9 83 97 57 76 63 95 38 28 56 39 41 61 12 48 46 70 29 19 44 67 39 14 89 30 64 29 89 28 92 25 38 7 29 4 50 86 79 58 31 53 30 88 58 73 48 87 63 64 80 10 86 95 80 82 89 90 79 33 12 13 79 40 58 47 50 72 4 14 45 75 29 77 88 47 57 51 76 
12 97 58 81 31 58 28 96 56 70 20 88 82 37 92 15 67 47 99 58 12 12 74 74 30 37 30 30 88 28 95 57 93 67 64 76 75 94 51 97 44 75 86 85 57 29 51 54 61 95 96 28 82 28 62 26 97 54 92 15 85 48 16 76 73 71 89 14 53 73 33 60 87 4 61 21 47 81 70 3 1 52 2 21 4 52 39 61 9 20 51 88 88 65 44 4 46 3 6 89 
17 57 63 9 61 34 32 34 13 96 74 21 98 88 14 52 28 54 1 84 42 38 87 65 95 53 40 99 27 37 75 25 5 25 63 77 66 38 11 80 85 37 27 54 10 33 58 40 78 43 7 35 23 19 27 12 18 26 98 64 21 92 54 22 9 6 82 30 3 7 9 29 16 27 77 33 50 88 96 72 58 70 94 73 78 3 82 95 16 25 60 31 11 63 34 73 41 72 31 55 
3 80 13 48 51 38 46 70 12 9 49 81 21 76 58 10 13 14 68 32 62 49 6 95 34 44 64 19 36 60 44 38 62 54 43 82 68 15 72 69 84 85 27 18 14 68 6 34 1 72 35 98 57 69 69 15 73 16 18 61 58 40 49 83 51 24 83 89 33 86 90 11 90 60 66 35 80 37 79 68 21 57 35 46 69 2 17 13 46 2 24 56 29 94 74 27 78 95 28 81 
21 17 74 43 3 71 82 91 34 16 66 49 20 21 32 67 43 28 61 72 98 27 69 33 72 96 66 6 75 16 64 35 53 43 14 51 90 13 33 40 99 79 53 23 95 50 41 93 9 2 45 37 11 18 38 97 66 47 41 99 18 2 96 81 3 59 41 48 49 31 80 40 13 78 90 59 12 83 10 12 85 3 33 76 81 6 38 65 25 17 48 47 56 65 7 96 14 77 20 39 
47 46 81 70 96 5 92 76 58 75 21 16 76 60 99 84 67 94 65 77 94 83 62 18 9 44 34 52 87 28 54 75 70 87 77 50 96 7 40 14 9 11 50 13 36 46 22 45 55 2 39 65 53 45 98 73 37 23 24 57 89 62 73 30 76 76 86 68 83 42 38 86 36 75 34 21 60 7 55 7 8 76 6 53 39 21 51 89 12 78 58 83 13 71 50 44 37 8 25 10 
34 58 48 89 41 67 99 43 44 92 21 33 58 3 74 55 98 54 49 31 39 90 87 76 77 16 63 71 11 81 28 18 54 19 3 9 16 79 12 36 44 27 75 80 54 71 50 91 34 81 34 32 70 93 28 36 63 76 20 26 93 46 72 15 88 69 76 46 32 98 61 28 16 44 6 30 62 19 91 86 80 22 77 5 8 89 64 85 98 2 8 23 87 70 29 84 95 41 53 82 
65 94 80 83 67 92 82 54 22 54 56 15 7 13 91 56 66 98 19 36 76 91 24 93 76 45 8 20 80 86 39 33 37 26 18 57 79 97 49 35 53 67 93 6 6 77 95 43 30 79 20 99 28 72 17 35 88 7 25 98 91 64 64 59 4 20 9 32 34 97 82 28 19 92 92 1 32 49 69 18 74 69 43 29 21 96 1 13 79 84 71 56 96 48 62 56 47 98 23 43 
27 32 63 66 45 59 9 76 32 91 70 32 82 22 53 95 9 62 6 85 17 83 93 74 22 85 3 96 23 41 17 74 73 88 40 7 87 29 26 18 10 23 31 17 26 40 17 82 21 22 81 9 59 77 93 71 41 97 10 75 17 15 31 43 2 37 96 33 60 88 2 48 88 7 13 22 34 9 3 41 88 39 49 47 47 49 29 3 59 98 63 81 45 47 30 66 47 2 1 83 
10 29 60 24 14 41 61 39 43 42 80 35 23 21 89 63 94 26 14 57 34 76 45 80 72 56 71 13 25 8 76 46 52 6 42 76 40 37 97 88 11 14 81 66 18 94 95 23 98 76 62 77 85 92 77 25 57 22 98 21 8 85 55 80 53 62 24 12 71 83 23 63 28 2 70 86 18 82 64 71 13 9 8 83 64 38 40 85 44 11 93 27 81 58 23 90 79 31 1 85 
91 2 49 65 94 25 79 87 98 91 31 24 84 94 50 83 79 5 38 90 61 65 40 37 5 54 78 44 79 30 12 98 17 79 55 91 84 81 40 67 13 18 59 39 36 36 8 21 4 29 58 98 64 18 38 32 51 23 79 34 37 6 37 94 71 14 62 6 80 97 99 91 72 61 80 92 93 47 89 15 38 29 1 80 3 78 53 93 50 88 88 81 77 68 65 72 70 16 33 63 
1 65 21 21 57 62 68 43 99 53 51 93 45 19 59 28 11 67 80 72 6 80 18 92 19 7 97 85 32 24 93 19 85 84 61 44 80 44 78 89 27 33 98 68 49 52 17 72 40 90 75 83 25 9 74 52 78 68 25 85 85 99 73 95 80 12 50 62 99 61 14 30 12 75 69 78 8 76 67 37 99 72 96 40 24 36 89 56 46 16 77 20 20 5 79 28 93 97 40 82 
50 85 65 9 81 68 43 71 34 72 39 96 54 40 89 6 32 71 70 11 94 72 6 96 32 81 78 75 27 39 45 78 29 79 78 70 75 5 50 71 98 88 88 62 25 58 12 94 84 63 18 45 52 19 45 5 91 95 19 97 82 23 66 32 38 92 68 77 93 20 7 63 6 41 51 84 29 8 82 96 12 28 76 96 26 99 37 73 39 6 53 13 67 71 6 76 29 78 97 63 
32 60 36 85 7 46 82 69 55 23 74 25 5 70 49 25 90 74 99 18 74 82 8 10 54 92 61 83 37 12 88 56 25 65 26 25 12 70 60 34 55 86 47 21 96 39 34 75 7 52 63 21 91 41 51 40 40 27 5 81 11 34 88 91 90 89 74 17 54 63 67 58 78 47 94 60 14 56 46 81 21 21 79 75 90 48 6 80 61 2 45 11 17 92 80 41 90 32 59 61 
10 79 41 67 13 23 48 15 26 22 43 26 3 25 65 89 59 31 76 53 17 68 89 93 73 9 43 18 78 12 15 40 6 68 98 30 89 34 10 35 94 68 43 29 30 39 34 47 11 57 82 33 45 70 70 62 20 64 53 82 62 56 17 36 82 97 32 90 77 93 18 64 98 75 42 89 60 11 63 14 94 15 47 7 92 80 66 85 37 71 51 46 62 19 70 72 19 9 82 92 
39 36 40 94 64 56 35 75 6 70 35 27 75 86 79 20 57 67 19 68 7 97 30 60 85 21 32 48 34 18 70 50 94 27 24 46 81 15 27 51 12 33 43 6 69 91 95 72 13 32 10 44 6 65 95 17 96 21 8 80 43 47 33 19 25 87 56 75 9 45 37 47 60 63 38 55 63 36 51 1 7 74 51 31 55 91 61 22 86 16 92 64 1 99 87 2 98 96 74 22 
74 6 22 85 26 25 56 98 68 35 12 21 50 48 38 86 92 30 89 73 52 49 1 29 78 77 5 60 34 29 10 91 65 67 69 44 5 94 93 84 93 42 35 51 67 10 97 39 4 23 87 46 90 72 14 5 40 19 42 54 77 42 68 64 11 99 10 51 88 70 48 40 23 48 68 83 39 74 29 96 86 77 49 47 67 1 39 97 68 5 45 3 31 43 30 26 57 49 14 59 
81 33 20 94 12 86 90 52 28 79 6 45 54 40 41 86 24 28 68 68 53 68 25 52 91 52 13 53 24 54 96 23 82 97 58 43 6 97 55 40 60 45 93 30 84 5 42 26 59 38 65 28 60 72 17 79 16 76 39 17 77 45 8 49 25 40 3 75 79 23 71 95 12 19 29 99 9 7 20 41 42 60 49 20 59 11 95 6 42 90 69 11 55 90 36 83 59 95 46 67 
74 55 94 68 59 46 95 65 45 64 66 54 94 41 90 37 12 41 71 27 1 86 43 38 24 19 92 42 97 37 74 26 64 80 54 67 17 32 79 12 69 99 81 83 20 49 17 18 34 80 66 79 90 80 72 92 3 96 9 77 3 24 81 77 48 27 91 42 42 94 15 8 28 94 87 77 89 99 36 69 30 9 48 1 64 47 64 8 81 73 14 11 54 23 13 38 33 84 24 65 
32 36 16 87 92 55 17 38 84 8 58 92 75 37 52 29 33 35 78 18 42 87 36 85 28 26 95 25 62 16 38 75 94 91 76 29 55 79 23 54 85 66 36 7 85 94 61 22 34 3 23 48 56 37 69 82 76 20 15 17 36 62 95 73 88 7 89 94 70 57 57 14 11 54 16 91 37 65 65 79 98 31 76 59 83 15 63 72 26 38 56 96 56 29 69 21 66 99 15 76 
31 71 81 13 43 58 88 24 60 60 99 4 46 71 64 97 59 98 99 11 43 96 8 32 3 70 95 78 64 15 49 96 90 1 31 75 52 35 71 39 4 27 44 66 39 48 43 90 71 21 69 79 63 3 11 15 2 48 63 23 5 1 88 20 22 67 34 43 26 93 64 87 51 91 5 1 22 8 48 76 38 86 45 82 53 29 4 59 25 93 97 48 43 73 66 21 26 64 70 81 
22 99 61 90 23 57 58 15 35 39 54 61 58 57 51 65 40 77 75 68 7 44 99 6 31 82 67 54 67 23 74 60 93 7 41 25 22 20 78 19 19 3 80 2 67 2 39 95 96 5 31 34 64 77 86 50 20 75 48 87 76 70 90 50 43 23 65 96 73 32 38 79 71 64 35 38 94 22 42 89 74 47 72 16 49 34 63 22 76 74 28 44 62 26 81 96 72 84 18 27 
6 7 60 79 22 31 88 42 76 7 56 64 90 88 78 71 10 22 8 27 51 44 70 87 81 79 75 98 29 77 19 45 8 52 77 21 46 73 77 99 3 91 86 61 68 30 17 31 65 8 92 57 52 56 45 30 65 15 65 72 68 69 65 94 57 58 32 22 91 71 59 37 32 48 12 91 42 32 26 46 5 13 25 12 69 63 80 97 47 29 55 19 16 64 93 36 11 5 70 51 
48 33 86 63 87 61 52 31 93 8 61 87 95 75 95 65 94 76 99 77 82 58 50 81 26 5 21 59 59 18 95 72 46 51 23 57 76 50 10 78 76 35 93 1 8 21 68 12 29 34 37 67 55 34 7 98 54 76 30 14 45 62 1 11 70 8 92 80 75 65 26 24 50 4 77 14 67 3 86 77 36 70 49 76 80 54 12 52 36 44 43 30 66 76 76 42 19 48 76 22 
12 43 36 96 15 62 63 17 5 41 98 16 21 98 5 37 1 38 23 9 51 28 8 59 18 35 82 1 77 84 15 73 45 24 10 35 61 30 96 76 41 53 10 42 36 84 52 83 60 29 58 54 10 83 8 7 20 62 4 1 37 57 77 50 31 41 10 5 95 92 43 33 75 67 49 76 21 11 98 17 98 91 16 29 42 28 70 99 10 73 64 78 25 60 53 19 74 60 14 71 
18 67 2 33 98 21 76 22 67 74 36 42 86 31 70 47 78 72 74 27 88 60 24 69 77 87 66 86 96 87 82 4 46 42 69 23 13 51 91 31 3 44 86 7 19 17 80 21 45 2 1 13 53 17 50 82 30 69 58 91 56 51 71 38 94 3 60 18 81 80 79 42 36 52 13 9 37 24 83 78 63 58 64 83 77 95 54 99 49 17 58 54 91 27 86 65 14 17 90 99 
82 77 75 71 86 64 23 80 90 89 5 66 39 69 56 43 65 2 9 16 83 60 38 41 46 45 10 87 80 15 18 97 82 14 46 90 81 69 52 70 50 88 29 55 80 85 28 71 79 47 23 64 46 99 65 73 81 42 30 93 35 28 59 98 38 11 5 65 49 48 47 98 48 95 26 37 94 62 35 93 19 6 7 91 27 32 9 49 83 4 76 1 87 14 35 50 85 64 36 62 
81 66 7 90 77 3 7 25 8 44 40 1 76 42 8 30 35 17 80 23 62 39 42 32 61 54 10 85 87 77 61 31 77 48 35 96 21 13 47 26 76 2 1 45 66 53 4 5 62 4 4 96 42 34 10 34 1 24 70 24 56 54 5 53 58 63 67 99 16 64 36 42 2 69 58 52 96 66 82 57 95 90 21 52 42 75 75 46 34 48 67 28 15 13 94 57 74 12 83 99 
84 68 94 28 63 23 66 50 30 67 88 77 27 56 36 13 46 20 67 7 77 19 27 17 79 53 95 14 85 3 98 67 72 55 29 72 43 86 7 82 7 55 54 70 21 27 96 39 71 45 59 22 9 2 9 25 34 46 42 78 17 46 58 6 58 32 30 62 51 45 18 56 19 70 79 36 99 4 1 59 20 49 91 47 89 10 39 35 50 85 10 40 91 35 97 75 86 64 31 38 
68 13 44 76 75 12 5 61 54 32 48 15 27 19 82 46 31 54 81 58 6 44 9 92 56 36 97 4 48 57 6 54 79 94 86 92 10 38 54 47 88 26 30 69 4 62 37 74 32 80 4 72 20 2 92 25 71 73 21 86 5 60 9 26 17 7 62 60 72 78 41 43 90 55 34 15 53 10 54 13 57 58 62 22 13 89 98 36 83 18 42 54 46 78 80 68 15 86 79 96 
77 98 54 5 33 54 8 36 8 65 38 49 69 75 80 66 76 87 3 55 78 77 48 42 98 6 79 43 50 65 23 54 19 82 20 71 8 8 47 95 34 29 95 93 29 84 73 94 63 34 1 4 22 87 40 16 71 61 77 80 3 38 48 98 63 85 20 65 77 83 19 48 29 84 42 55 32 34 23 88 90 26 11 52 54 98 5 6 41 38 98 14 11 73 76 84 91 91 11 98 
67 4 16 97 33 48 93 51 6 84 44 48 63 79 2 23 93 72 88 7 75 88 95 2 39 49 25 52 16 37 79 27 86 77 62 78 2 76 70 53 67 80 67 79 4 19 46 81 98 69 34 68 15 81 94 40 36 3 7 29 70 53 13 81 61 77 30 61 84 43 87 2 28 10 24 25 23 17 81 78 20 48 27 52 76 15 68 72 16 23 92 20 56 56 94 68 22 76 8 18 
5 82 48 52 45 47 68 60 69 49 14 84 19 50 12 98 5 15 61 98 19 54 27 31 55 69 21 43 95 28 11 82 11 78 31 46 47 58 54 51 34 20 31 74 80 6 88 42 67 58 75 74 7 38 10 92 15 97 53 34 47 91 1 73 30 42 77 68 94 81 95 59 40 88 41 88 91 19 18 39 96 5 84 97 23 68 36 61 1 21 53 79 37 30 64 33 19 32 78 12 
3 99 67 10 76 80 37 68 12 69 85 60 56 46 5 14 2 81 88 84 4 38 6 68 12 25 17 97 86 50 53 8 18 66 68 16 15 73 81 48 6 13 61 65 64 65 24 80 38 64 16 11 29 46 94 23 15 84 43 16 31 86 40 91 42 28 60 59 80 97 11 34 74 67 57 67 58 10 58 57 96 6 24 58 42 60 61 93 52 57 74 73 52 56 49 11 26 8 41 22 
16 6 70 39 40 23 42 73 84 79 64 75 97 42 88 57 82 65 34 56 50 33 95 80 66 58 73 91 94 73 5 95 56 25 64 90 44 40 68 11 52 32 14 2 25 68 62 10 43 15 30 56 72 72 93 61 97 37 27 34 47 78 43 19 47 26 31 15 90 40 72 36 11 79 87 5 35 32 10 66 22 60 25 56 55 98 36 93 76 78 38 59 98 70 15 87 43 47 41 71 
86 16 52 20 72 38 40 4 56 97 34 93 32 22 9 1 60 39 94 79 26 91 13 3 75 96 72 31 62 30 24 90 56 33 52 15 89 52 8 31 7 91 27 54 82 2 98 17 80 3 85 37 30 31 90 45 75 59 52 25 29 27 99 42 41 26 3 12 50 50 51 61 16 16 24 7 27 21 31 14 52 40 63 41 4 6 27 96 67 67 25 74 30 20 57 5 63 10 80 82 
38 20 65 67 39 53 73 87 73 21 32 12 4 14 43 81 45 34 31 17 56 52 99 52 17 94 33 79 90 72 21 79 15 75 20 39 87 16 4 24 65 69 49 96 47 56 54 54 95 62 48 87 92 65 92 87 96 33 32 4 53 94 34 52 61 59 59 26 52 24 23 43 31 43 67 87 72 51 34 97 72 65 99 23 49 45 63 30 48 82 56 91 68 43 8 13 41 47 38 47 
44 85 2 77 87 2 84 14 88 87 51 42 95 88 43 34 32 71 93 39 53 3 59 97 11 81 79 12 25 68 25 21 18 36 91 10 26 56 75 38 95 45 73 13 28 61 28 20 69 79 47 62 50 21 30 89 1 78 15 70 42 36 25 70 29 76 32 85 54 22 14 67 71 46 66 43 71 76 36 23 29 60 68 52 98 64 96 51 38 19 48 22 78 94 77 32 67 47 86 61 
10 49 75 9 94 40 17 32 83 33 38 23 14 45 59 53 64 73 46 5 30 98 32 11 18 78 86 50 7 34 70 38 34 64 12 32 11 68 11 38 74 36 32 60 89 37 7 22 9 27 73 36 97 52 50 84 22 93 98 87 61 81 9 32 21 74 98 54 90 45 28 93 94 63 86 30 85 53 77 37 9 24 51 68 57 54 36 65 51 86 35 3 35 61 83 21 23 89 47 47 
64 14 88 55 10 98 85 6 28 17 55 39 97 87 25 22 83 26 53 14 29 60 66 41 92 33 6 10 33 90 4 56 44 44 20 88 80 27 62 95 59 41 65 44 92 21 25 32 50 57 84 58 50 80 35 9 13 56 93 7 25 37 13 46 2 83 64 88 26 85 33 70 69 74 34 97 77 90 7 33 52 14 90 17 21 95 37 54 57 17 64 9 65 20 51 69 56 50 31 16 
69 84 35 22 21 32 28 12 75 61 13 33 3 46 61 93 53 91 26 31 56 75 18 81 84 31 34 41 14 97 61 93 94 1 57 57 1 12 40 28 43 50 51 31 11 15 43 71 87 26 94 64 63 58 67 54 27 95 8 42 8 6 59 1 74 10 58 53 33 54 36 67 92 38 5 25 39 97 65 69 65 11 77 5 50 55 38 25 55 26 93 52 92 39 27 29 4 4 12 47 
62 14 79 4 10 5 62 75 39 3 47 89 48 74 22 83 85 56 2 66 24 24 24 75 50 43 52 54 24 70 10 75 60 86 83 36 12 20 63 48 67 95 70 53 63 73 97 54 21 1 23 45 30 14 37 8 38 15 32 41 24 16 98 46 10 20 59 72 2 39 77 16 77 9 73 9 95 82 46 46 87 70 97 34 10 17 46 22 54 86 26 88 54 69 89 81 38 88 98 14 
53 91 2 46 88 58 97 18 34 17 94 80 83 89 16 54 24 69 99 61 35 2 37 99 14 61 85 70 1 67 24 59 3 44 72 36 48 69 42 46 41 74 10 22 79 71 33 7 91 68 81 60 95 8 55 80 41 24 78 96 13 48 11 87 55 55 17 41 49 89 84 7 74 69 93 84 21 61 46 10 1 62 16 87 70 20 92 84 84 99 79 87 52 72 45 2 26 33 8 54 
47 15 97 5 52 93 29 62 31 43 84 62 79 79 19 95 10 28 5 77 78 90 22 33 98 98 65 1 80 56 61 61 48 8 56 61 43 94 85 41 27 31 15 87 40 96 47 9 92 60 96 32 97 67 58 16 38 75 53 53 82 6 39 70 69 20 19 11 23 52 56 7 30 28 38 8 84 37 92 19 73 81 10 66 15 61 83 17 14 77 84 76 91 73 79 3 93 11 90 95 
46 87 48 42 87 69 20 16 77 23 76 92 43 69 8 9 35 90 25 50 37 17 38 25 41 60 67 61 85 81 95 25 86 66 28 34 94 30 20 40 84 42 93 19 48 9 15 86 39 86 48 44 50 37 80 83 60 67 85 62 5 91 2 27 89 27 1 57 23 24 29 53 77 81 52 65 11 73 91 64 3 44 50 68 35 74 80 70 91 63 47 32 80 81 52 84 95 21 48 68 
45 57 18 45 11 76 52 46 87 21 41 90 16 65 60 4 96 8 22 53 38 60 89 96 75 4 81 42 76 61 14 76 74 90 4 30 57 12 80 21 61 65 42 5 88 56 31 61 71 61 39 45 20 56 39 7 27 54 6 12 39 91 22 29 99 26 19 58 13 47 39 12 62 96 36 54 58 75 32 38 17 10 44 54 61 81 71 58 68 88 7 34 49 61 71 76 32 37 84 20 
70 98 66 37 2 31 28 46 73 69 27 27 40 44 90 85 61 25 11 77 23 56 99 54 13 16 42 37 48 5 14 74 58 45 33 58 62 44 44 42 80 51 78 61 74 12 15 6 25 54 30 61 82 27 75 59 89 9 82 59 38 85 5 74 34 77 1 65 94 26 3 81 91 50 18 14 36 43 22 61 75 16 99 6 66 31 58 97 46 11 19 68 61 16 56 2 74 85 51 60 
48 4 43 26 61 26 29 29 2 42 48 54 99 35 38 96 50 72 1 87 63 49 37 24 5 25 80 9 97 84 6 70 32 9 64 42 32 43 35 10 61 63 65 70 1 91 3 64 87 76 17 5 66 47 81 54 49 85 48 64 73 75 99 87 21 2 27 34 92 11 66 43 26 54 61 78 83 98 86 19 96 8 58 53 16 84 25 99 21 88 18 22 83 56 30 9 50 26 61 68 
7 80 39 77 70 81 79 76 32 55 46 40 34 18 95 19 23 66 89 38 78 38 3 63 76 47 95 19 88 52 35 75 57 21 28 29 52 30 99 78 31 90 57 56 44 65 81 96 20 15 86 18 71 79 11 89 55 85 82 68 97 31 42 49 55 38 31 55 66 78 6 5 73 6 79 72 92 62 3 17 61 56 39 73 29 46 41 82 45 30 39 95 48 23 36 97 62 72 48 50 
71 46 92 73 12 98 55 85 68 1 7 31 74 39 28 45 35 43 50 92 44 22 27 45 54 68 82 17 99 50 33 93 54 29 42 92 12 61 31 57 79 86 22 6 40 62 91 85 12 34 49 40 8 79 24 30 33 22 64 2 29 5 66 61 52 88 64 84 25 4 86 58 7 93 62 70 39 1 81 64 14 88 5 98 35 23 28 88 3 11 16 83 57 60 9 43 40 41 85 77 
76 18 13 91 63 81 18 77 6 70 51 65 23 18 63 7 83 54 9 74 2 72 91 3 11 66 67 41 54 4 7 52 69 68 86 68 8 39 23 7 50 78 12 90 33 66 53 84 89 55 39 73 40 28 64 19 4 28 40 94 84 33 20 40 12 57 81 72 51 34 19 1 9 15 13 33 63 10 38 49 21 40 21 19 82 6 70 43 99 50 80 51 6 20 84 94 53 73 1 77 
43 42 95 32 44 33 85 70 58 90 51 36 20 43 44 45 50 24 81 3 72 93 41 79 87 78 57 99 31 31 29 43 19 92 25 84 81 60 36 34 95 67 44 41 3 33 46 57 67 18 14 53 43 68 28 46 29 2 1 45 55 7 12 80 57 2 70 12 78 9 71 85 3 9 59 58 24 82 44 4 22 15 68 2 21 88 40 3 60 89 27 61 90 51 51 86 86 32 86 65 
55 15 89 87 61 90 6 26 8 58 23 98 59 73 18 71 32 99 23 48 9 65 17 4 56 1 23 39 82 16 8 17 53 72 6 51 45 35 29 77 54 75 11 30 14 57 19 9 36 78 98 28 2 49 5 3 49 71 35 78 53 17 15 59 34 3 33 5 34 66 18 10 99 53 21 22 57 67 58 97 38 62 17 60 29 33 6 64 85 31 77 44 81 58 92 92 26 11 4 35 
36 8 8 52 54 47 67 79 78 30 42 33 92 85 84 33 65 3 14 26 44 91 29 82 74 84 63 74 12 81 49 33 37 76 92 34 91 88 52 87 4 22 12 12 92 45 97 28 37 57 69 83 46 43 54 38 65 91 23 84 52 72 16 34 18 31 43 75 27 88 35 7 25 63 6 45 63 42 89 90 49 90 59 48 33 28 43 92 4 87 39 42 51 20 34 55 10 36 53 69 
38 52 47 95 77 45 45 35 27 95 41 57 66 64 5 96 77 52 75 91 40 31 59 21 73 72 39 13 23 39 79 87 71 60 23 60 37 18 57 46 78 97 18 11 46 36 7 42 91 28 92 34 57 89 75 38 93 16 30 52 9 99 93 75 97 66 57 4 40 33 43 39 46 53 95 86 24 80 20 91 71 75 4 26 19 73 10 27 79 32 84 63 3 17 55 71 54 47 70 15 
49 17 66 19 34 75 88 33 50 80 34 38 41 28 14 16 55 4 46 9 42 58 13 97 82 4 77 11 29 76 30 70 24 29 90 19 74 33 52 95 97 87 83 22 32 20 66 82 72 50 86 8 92 71 76 60 21 78 21 72 37 55 43 50 52 26 44 18 47 85 24 66 94 71 19 56 53 69 16 16 97 90 47 93 75 62 25 19 64 76 85 88 41 65 28 80 74 26 14 90 
26 52 21 67 44 32 56 81 1 34 29 40 40 55 91 70 15 58 18 9 86 95 16 93 58 68 60 91 73 78 91 94 73 77 64 82 63 95 66 11 75 70 84 37 98 91 5 65 22 27 60 1 61 69 16 75 7 38 86 95 52 22 43 71 55 22 88 19 8 85 41 15 13 80 29 1 80 9 71 97 29 8 7 99 43 59 88 16 57 44 8 89 85 63 14 97 51 50 47 50 
31 65 8 55 34 33 26 2 66 34 48 27 79 60 2 23 40 71 46 58 7 50 42 66 62 25 69 70 25 67 20 51 95 64 5 95 14 88 53 92 79 72 99 79 43 20 81 68 3 13 84 79 52 75 59 59 81 42 71 3 27 14 21 32 64 61 32 63 62 5 91 97 28 58 35 68 88 58 6 86 4 51 21 47 26 77 84 91 61 4 5 75 48 31 95 72 2 77 38 45 
27 36 71 63 10 20 28 80 85 78 51 37 36 22 65 22 72 81 77 61 89 46 96 5 4 91 26 28 76 8 84 84 3 6 12 80 20 25 16 60 55 7 41 52 3 52 6 26 23 43 85 32 92 3 29 48 70 84 21 66 79 53 66 91 67 90 6 81 25 53 86 69 53 97 37 81 10 99 80 56 23 60 62 43 41 92 35 49 53 77 15 58 23 16 91 37 33 74 14 9 
11 47 52 17 12 68 63 46 84 44 93 70 20 6 62 60 79 82 65 95 5 26 63 2 72 84 19 95 7 98 76 29 27 74 13 95 5 20 91 70 67 77 5 5 27 5 25 12 89 71 68 31 71 55 26 4 49 71 58 46 74 98 66 53 86 86 91 78 57 99 63 19 27 30 55 91 58 66 92 80 73 42 18 81 10 8 57 1 79 51 36 26 90 27 56 2 67 88 65 10 
10 52 63 30 71 33 98 75 1 34 46 78 79 69 65 21 94 43 98 10 92 62 10 44 9 70 93 40 78 95 81 74 8 12 47 38 76 82 34 50 99 71 79 80 41 56 45 79 30 17 52 57 86 79 44 60 97 49 25 1 6 94 55 42 42 74 97 89 93 59 51 95 69 8 60 40 62 54 88 59 47 7 63 11 33 74 65 9 91 5 21 48 43 10 47 17 32 8 65 55 
83 45 99 16 86 11 69 48 12 93 98 4 83 12 7 98 42 45 49 76 59 82 34 43 5 76 45 31 34 70 6 43 43 90 44 97 57 79 96 10 67 8 49 89 64 16 48 32 87 20 91 59 75 98 78 51 99 89 3 56 18 36 11 97 43 86 54 62 32 15 24 25 69 66 9 54 77 8 34 6 74 46 23 53 24 87 35 36 5 90 92 84 59 39 63 90 58 78 82 42 
9 89 74 9 18 98 23 53 34 62 54 23 64 33 88 8 7 53 65 20 1 15 24 80 91 24 45 26 19 95 73 36 81 78 30 18 93 33 7 44 16 2 11 74 67 4 98 45 76 94 67 3 6 77 51 28 90 24 87 9 46 11 68 9 70 22 38 99 1 15 93 19 25 2 85 56 61 91 20 34 68 29 42 71 68 24 71 57 96 38 84 39 5 28 20 55 14 27 66 61 
55 57 11 49 15 65 10 37 93 33 47 9 87 97 81 52 49 22 3 55 91 25 33 81 62 87 28 18 16 5 56 60 83 47 79 75 25 71 22 63 13 20 11 55 63 66 91 58 79 9 53 46 4 15 37 27 32 8 79 68 87 54 25 18 61 9 67 29 95 68 17 19 77 46 77 60 54 2 17 94 99 80 64 70 62 30 57 74 53 44 91 24 22 67 60 35 81 11 68 72 
71 48 27 23 93 13 77 1 58 49 19 25 81 54 52 38 92 22 93 72 36 78 77 60 56 95 74 53 44 24 18 88 15 70 57 66 27 17 14 2 38 95 38 27 17 45 28 58 40 17 35 75 43 28 13 34 97 32 36 8 79 37 41 93 88 53 44 8 61 22 24 56 71 18 14 95 92 35 93 64 65 83 47 1 62 90 18 8 7 51 75 29 4 8 44 85 48 42 9 99 
5 90 1 85 99 12 3 42 52 56 52 7 41 2 10 58 70 13 47 97 61 72 60 40 97 89 25 18 14 15 1 72 64 3 77 72 18 30 41 31 17 53 62 41 24 53 97 93 32 69 90 93 73 69 49 79 8 84 42 5 31 65 45 41 56 48 68 39 54 92 4 12 10 75 14 87 53 23 15 19 71 87 78 34 73 18 7 52 6 58 95 80 43 67 86 91 86 89 75 94 
93 84 9 13 34 37 69 75 89 24 74 35 60 91 16 48 80 70 98 99 30 8 60 57 28 53 31 72 78 14 46 29 90 49 35 98 51 4 94 72 96 7 23 53 18 65 99 21 5 95 67 68 2 75 40 35 50 18 79 60 46 37 4 63 22 73 61 5 24 71 82 2 67 15 22 12 2 49 59 68 53 21 64 29 42 15 76 47 83 32 74 52 44 15 28 75 34 43 33 37 
46 45 37 21 97 37 64 81 9 64 25 13 68 43 65 87 21 9 64 22 41 54 18 19 46 3 90 57 33 7 44 41 50 8 84 3 80 75 47 72 79 46 66 70 63 60 50 39 55 33 32 91 91 83 22 85 87 2 77 38 62 19 47 47 87 22 25 91 63 26 83 32 6 31 80 37 2 51 74 25 7 79 43 22 61 94 21 62 73 85 35 82 16 71 91 74 94 88 2 42 
33 69 84 32 38 41 70 94 42 85 84 11 25 27 20 76 39 22 10 31 14 97 7 15 67 8 72 13 36 49 38 32 51 88 53 64 13 14 27 15 81 74 32 98 27 54 34 27 58 6 61 63 49 16 9 26 1 44 3 74 27 53 67 72 26 83 56 17 56 49 47 64 19 65 42 34 80 13 4 70 82 26 54 83 84 16 78 24 77 55 26 7 34 49 46 89 29 6 26 53 
23 82 29 45 20 71 67 60 44 57 37 96 81 56 87 79 27 83 79 44 3 61 27 78 50 71 47 87 43 8 30 80 10 91 8 91 33 31 6 68 20 8 14 86 87 28 7 67 35 22 68 17 17 12 81 46 59 18 49 96 71 4 58 12 99 11 82 38 75 20 97 80 39 74 93 30 58 20 6 79 48 28 14 2 9 32 28 76 67 42 2 12 62 48 83 40 85 93 59 31 
84 88 83 50 68 37 68 97 13 40 49 19 53 41 86 52 23 78 45 39 29 39 77 92 3 16 58 74 15 86 1 96 38 54 62 81 65 63 47 14 83 44 86 43 26 75 3 75 18 89 82 73 25 31 13 64 27 6 62 98 37 32 96 88 36 9 81 63 44 86 67 96 34 40 44 1 2 20 33 9 9 91 79 34 53 59 31 96 92 61 1 17 37 1 31 50 53 84 33 31 
80 37 56 1 89 47 51 2 14 23 62 89 39 30 39 78 78 65 49 53 71 90 37 83 3 39 63 80 63 46 10 39 33 10 13 12 41 9 29 57 90 43 19 56 80 61 94 56 53 96 76 38 6 6 89 45 67 59 27 23 7 31 33 62 9 2 41 56 55 84 92 26 90 79 62 19 20 53 21 47 39 78 89 19 88 89 73 58 69 41 37 35 62 15 56 12 54 83 98 65 
64 1 61 41 10 83 23 81 1 61 63 74 94 18 95 28 94 47 69 18 22 63 89 85 43 33 44 68 61 32 99 45 58 53 43 63 21 42 18 23 44 92 78 91 43 93 88 47 53 97 74 72 73 66 97 51 99 22 7 41 20 9 41 93 58 91 28 76 92 28 11 43 8 69 10 27 17 47 75 82 49 64 75 26 78 28 24 19 51 10 38 37 95 94 63 58 90 51 93 39 
41 41 35 46 63 68 90 15 87 78 2 10 90 80 71 61 75 85 20 4 13 40 1 63 24 70 56 98 41 53 78 70 47 21 91 4 75 59 40 82 71 40 51 7 89 11 58 22 58 62 83 58 79 41 81 32 49 43 94 15 13 79 80 87 22 25 83 60 4 13 25 15 10 29 46 66 5 91 44 13 63 25 24 3 65 28 54 3 83 39 2 72 68 88 34 83 30 95 38 94 
30 32 11 78 37 92 8 4 17 66 31 91 56 84 35 62 30 42 64 27 92 32 59 91 62 10 98 49 64 91 55 56 85 26 44 30 19 15 30 20 41 54 23 51 20 94 76 98 51 25 31 28 30 27 51 50 76 10 32 44 69 15 48 31 13 13 67 80 74 19 19 73 1 24 93 93 43 3 82 59 77 47 93 89 63 4 27 16 21 89 75 8 39 80 30 89 28 88 47 36 
74 66 20 12 13 73 10 6 28 2 47 37 42 55 47 67 65 92 30 28 62 81 22 13 38 97 56 82 5 87 21 8 24 59 42 11 40 39 78 30 85 35 55 17 42 73 42 23 15 21 26 94 11 90 94 79 4 99 36 81 83 37 83 91 17 30 53 68 69 6 72 12 42 97 99 63 90 26 53 67 34 95 94 29 16 97 14 3 81 72 99 96 78 92 76 13 71 54 67 3 
44 31 71 72 46 87 21 76 24 18 34 41 50 44 46 12 58 32 69 61 35 28 24 46 26 66 11 43 51 45 18 13 23 86 77 53 87 69 52 87 88 34 35 96 85 2 69 4 10 11 77 38 90 92 29 66 22 50 11 88 52 60 11 42 90 15 64 53 13 71 71 39 82 4 88 10 84 57 16 60 11 29 62 13 43 33 14 1 96 3 84 55 78 98 69 6 10 93 78 80 
39 96 71 84 69 62 88 12 58 39 26 7 24 24 92 77 20 91 73 41 97 62 6 56 96 14 55 8 13 14 78 77 89 79 40 87 56 96 15 30 63 56 83 30 83 98 63 5 3 69 70 5 88 12 28 25 68 11 93 46 24 73 42 54 15 45 32 45 45 90 42 63 19 96 11 3 35 15 36 70 79 2 57 5 66 51 20 74 51 54 50 85 52 85 5 11 32 13 84 80 
43 39 39 67 31 69 93 50 72 30 7 5 76 8 62 46 91 62 25 23 99 75 34 25 82 3 46 54 52 15 7 94 34 78 9 57 67 91 39 31 54 24 46 88 34 10 55 93 41 44 30 18 22 82 49 46 52 38 32 9 32 49 11 73 33 65 18 44 48 45 84 68 19 73 53 20 39 30 33 95 75 52 79 86 35 62 60 28 39 23 3 26 12 44 27 42 92 93 11 66 
69 62 16 9 99 89 5 75 3 68 12 60 15 14 94 97 84 91 17 70 6 58 1 85 61 69 46 5 80 47 66 71 61 77 50 98 10 21 1 84 98 53 43 96 39 54 20 68 55 50 87 76 72 98 55 92 41 51 73 89 27 90 53 84 58 27 25 12 40 25 98 71 64 60 8 99 9 70 97 42 43 23 60 26 49 22 12 58 48 31 71 23 33 98 50 29 19 87 45 1 
