1 32 12 40 16 48 30 3 28 8 8 47 2 29 3 3 24 6 27 41 47 33 13 29 38 10 13 45 28 14 33 46 38 29 37 33 8 42 36 16 4 17 1 40 20 8 16 17 45 19 
44 21 29 16 40 31 32 30 11 6 43 25 6 16 45 27 8 33 49 8 2 30 43 40 6 49 22 16 35 31 44 24 25 25 27 12 2 29 22 37 34 7 35 29 31 41 28 3 1 11 
43 11 9 38 15 36 2 28 18 6 7 3 35 8 37 32 2 3 9 32 19 38 30 38 1 29 40 2 30 20 48 35 31 48 13 39 34 45 12 1 6 27 1 4 19 47 46 10 26 40 
42 30 5 20 4 32 44 44 19 16 32 8 37 30 15 48 25 32 6 29 34 5 32 21 35 11 49 15 15 40 1 46 23 6 38 16 20 45 17 5 15 20 40 5 9 9 43 40 28 20 
39 47 41 48 2 35 33 42 17 43 18 34 30 12 45 15 28 5 28 36 46 31 15 28 24 1 41 27 22 44 36 29 4 44 33 44 5 27 15 5 33 10 30 1 6 36 42 18 6 25 
14 49 25 42 9 15 42 29 26 3 38 30 5 10 28 2 1 26 3 42 28 45 36 10 31 5 44 30 10 48 4 27 24 24 48 8 18 2 5 3 19 14 25 47 42 6 11 29 26 31 
33 13 31 27 12 22 36 49 17 38 10 42 17 40 30 28 48 5 26 27 46 34 35 37 49 34 9 20 20 37 31 23 19 45 27 47 7 22 18 4 29 8 32 49 47 43 33 38 26 44 
4 44 8 4 19 35 6 5 9 26 41 37 16 26 28 48 15 5 3 47 45 33 49 42 12 2 28 1 39 32 16 6 20 16 6 13 4 24 41 30 3 45 20 13 29 31 3 46 27 25 
1 43 1 31 38 31 10 42 4 25 6 32 8 8 44 9 46 26 39 39 48 1 5 14 30 9 38 30 15 39 6 15 35 19 17 9 30 38 26 18 32 49 32 46 38 1 39 45 12 17 
49 33 39 37 40 25 3 22 37 20 44 26 49 1 25 45 21 33 5 32 41 16 4 29 44 34 6 15 48 14 33 46 6 37 45 14 24 13 43 7 8 26 35 34 29 42 7 31 1 16 
40 41 35 48 42 6 26 8 4 39 13 16 13 40 16 26 28 36 29 40 40 46 21 35 42 8 48 46 36 32 10 20 27 38 9 40 47 23 32 9 24 37 44 9 6 33 27 18 36 26 
38 33 46 35 37 4 15 16 19 40 24 20 8 8 3 36 23 49 12 6 42 47 42 11 24 47 43 40 32 22 6 14 32 34 41 2 6 43 27 36 15 4 16 15 33 39 40 13 22 14 
23 47 25 45 8 34 8 16 39 3 43 7 26 21 16 37 49 30 4 40 37 47 6 26 34 35 13 36 8 17 12 26 16 28 16 15 41 30 1 20 10 47 17 39 34 1 1 43 26 42 
12 39 38 45 7 30 25 29 26 29 25 23 38 28 45 1 18 19 49 24 39 3 23 20 29 4 30 13 34 44 9 44 27 46 45 25 9 41 20 5 4 46 19 48 47 44 6 17 6 37 
24 17 18 36 9 37 13 36 24 19 5 40 38 9 6 29 14 25 48 18 29 5 27 4 22 29 22 44 30 20 21 37 42 47 31 13 40 39 1 41 46 35 8 34 25 48 14 25 39 39 
44 17 9 30 7 36 42 12 7 6 23 28 42 2 3 31 37 45 12 48 13 30 39 15 4 44 47 35 38 17 36 12 5 21 30 16 45 25 21 41 21 4 41 15 33 25 5 33 32 18 
4 29 38 27 15 48 33 7 40 4 1 35 39 21 7 47 37 31 26 24 21 14 48 3 8 17 42 29 22 10 48 26 28 43 15 13 15 35 31 27 13 6 16 7 16 15 20 27 46 29 
11 35 37 17 41 1 28 12 3 25 32 43 18 46 48 30 7 19 8 2 36 29 10 16 21 17 18 35 4 45 44 44 38 37 28 30 25 2 2 5 24 49 6 11 11 13 23 11 37 43 
21 34 38 17 5 36 42 3 40 11 28 23 38 43 4 40 5 45 18 28 31 35 28 49 28 10 30 9 17 4 5 28 23 42 35 34 6 33 28 4 2 7 3 38 10 35 34 5 30 36 
17 23 5 34 31 40 42 19 19 43 15 24 22 46 43 4 38 14 37 43 28 4 32 27 40 10 25 25 49 1 44 15 17 5 13 43 29 46 43 22 6 10 6 34 14 29 43 29 36 12 
35 33 34 21 11 38 41 40 6 41 13 3 15 32 27 2 3 35 3 26 46 23 28 9 22 43 4 29 2 19 33 8 48 45 15 38 3 46 22 37 34 8 23 24 37 31 6 2 42 17 
37 48 25 46 6 37 18 32 23 15 13 19 41 25 14 1 13 3 31 20 40 29 45 38 47 2 27 3 41 11 27 27 10 35 37 49 9 3 8 28 31 33 37 5 47 12 46 19 48 38 
12 1 1 47 37 2 49 20 27 13 34 5 40 34 49 4 31 14 13 14 36 20 11 35 4 22 38 45 40 8 12 12 38 41 22 1 13 23 5 36 16 41 41 16 27 13 30 14 39 16 
24 36 36 18 45 7 46 42 19 20 17 19 34 47 27 27 42 42 37 31 43 40 27 29 19 44 28 40 18 34 3 26 40 8 37 3 29 31 42 6 37 22 20 22 29 12 13 1 7 44 
29 42 18 39 43 20 38 38 24 47 38 40 41 11 9 2 21 5 49 14 32 10 30 14 19 5 27 48 7 32 29 36 19 9 48 42 37 14 8 3 21 9 41 16 7 33 42 43 4 43 
10 7 36 46 14 40 3 31 40 11 9 11 27 9 1 11 40 16 31 40 5 3 41 40 4 13 49 32 40 44 4 41 34 31 16 33 18 9 27 15 26 45 11 46 32 3 16 2 34 48 
19 32 42 17 46 49 44 11 38 25 16 8 7 3 46 21 12 18 44 31 38 32 18 15 43 31 13 28 13 17 3 21 3 23 12 38 4 36 11 13 45 32 37 3 42 47 37 36 39 14 
24 35 16 26 24 29 24 45 10 10 44 32 16 12 41 28 27 45 41 40 27 31 32 27 19 34 3 26 6 40 11 12 18 47 29 25 37 27 19 43 8 13 14 15 42 7 39 42 5 27 
29 28 41 20 8 38 39 23 11 37 24 32 9 34 37 9 21 23 36 8 1 24 19 32 24 15 25 25 35 11 39 26 24 32 17 6 31 6 13 13 43 23 27 25 2 15 29 13 14 6 
34 49 25 45 29 21 22 39 26 20 27 32 28 23 3 27 23 45 43 33 49 33 9 32 14 26 1 30 23 33 37 46 28 36 49 16 36 30 34 26 9 11 18 20 27 33 9 14 48 1 
42 7 43 23 6 34 38 29 24 3 39 47 43 38 30 10 20 36 20 1 46 36 37 9 11 6 35 28 7 13 14 20 18 19 33 46 20 14 10 26 24 10 10 40 18 1 1 31 5 17 
30 14 5 39 18 39 25 45 42 21 32 8 1 11 19 34 8 2 37 19 14 21 39 5 29 44 49 26 47 22 27 14 35 41 6 8 13 38 43 30 8 36 37 46 20 10 1 20 29 17 
37 5 30 5 1 43 33 32 41 15 28 49 34 44 25 3 49 4 40 3 39 27 38 24 13 9 28 24 39 43 25 15 30 46 42 17 13 39 38 44 44 3 38 17 29 13 17 1 16 6 
34 31 14 26 29 28 16 15 49 15 27 35 37 4 23 14 27 38 5 28 46 42 19 16 28 37 44 44 13 18 46 33 13 16 6 17 2 9 15 22 48 34 19 18 7 5 26 37 1 20 
34 46 3 21 47 37 15 47 44 26 49 48 23 11 33 12 5 11 48 43 23 23 33 20 1 10 43 24 27 42 36 44 8 44 42 28 40 46 37 2 18 48 35 21 11 1 12 34 4 37 
18 47 45 26 43 49 14 21 31 10 9 47 28 32 44 21 7 29 19 40 22 28 10 36 10 3 36 44 27 15 43 7 3 5 10 47 17 40 12 45 20 32 27 13 10 25 19 29 33 46 
1 20 35 3 20 30 29 34 18 38 21 29 21 8 25 10 19 5 42 11 16 18 12 2 42 43 26 46 30 30 39 29 31 47 8 19 10 1 1 7 19 26 22 38 30 15 48 9 10 22 
12 3 14 33 10 32 5 9 19 42 12 22 46 49 20 29 10 20 26 20 16 37 42 40 21 42 6 12 46 44 32 22 44 33 44 30 1 44 13 20 36 24 44 2 40 29 7 44 19 49 
33 6 39 9 35 14 48 21 36 34 24 34 29 15 40 20 47 17 35 44 49 9 45 2 34 32 4 35 10 25 10 27 12 11 40 37 33 47 40 37 9 38 43 5 47 24 44 29 22 40 
44 44 34 4 9 30 15 23 29 18 42 6 35 18 46 32 41 44 1 25 34 34 22 44 25 6 16 15 6 16 44 39 35 8 5 4 38 20 48 19 15 27 40 24 9 7 48 26 30 3 
7 3 34 18 5 32 37 44 32 9 33 14 9 31 8 28 48 25 39 45 37 3 5 16 32 7 9 42 24 29 47 24 36 16 3 34 20 9 28 4 28 45 17 36 12 12 29 45 4 44 
13 4 29 2 26 33 11 26 10 20 3 39 8 3 46 44 34 47 44 15 30 43 15 35 23 27 46 49 7 20 41 2 21 35 13 19 28 37 19 2 11 29 20 7 30 20 33 20 24 47 
35 34 27 34 9 19 22 33 4 7 23 1 6 13 42 6 32 49 17 15 40 17 43 6 16 3 28 40 34 42 10 37 9 39 30 12 39 24 30 23 33 39 36 49 1 14 6 14 25 10 
27 20 45 9 35 28 7 35 48 42 40 46 9 31 38 6 34 3 36 39 42 40 14 20 27 6 3 47 17 36 36 6 11 24 31 44 37 43 9 24 45 7 28 40 26 18 4 14 11 18 
48 35 16 29 35 9 9 9 1 31 39 23 25 31 2 45 11 17 49 23 16 23 34 44 17 14 21 13 5 49 44 17 43 7 48 14 41 28 26 32 46 5 33 29 46 20 36 35 9 23 
3 41 39 5 10 27 47 24 29 7 3 40 35 18 37 7 33 40 10 46 4 27 24 17 3 29 14 20 27 8 14 5 17 2 11 23 1 27 30 2 15 38 45 31 21 11 47 28 23 18 
7 24 40 34 26 38 12 1 5 3 26 7 19 19 37 13 6 30 46 10 19 9 4 24 41 2 9 26 16 6 21 41 1 33 40 47 6 47 29 11 45 17 10 12 49 6 40 29 16 34 
22 37 16 8 33 45 35 47 14 41 43 45 25 10 40 22 20 25 3 44 1 9 22 16 47 6 23 39 17 17 37 35 8 22 1 45 41 44 43 33 32 23 1 21 5 34 11 11 14 41 
17 26 20 25 18 4 29 21 26 13 34 7 23 8 22 17 1 5 27 11 26 19 44 6 47 12 17 4 4 42 49 49 34 20 6 7 18 6 26 34 33 35 22 5 1 5 45 6 26 17 
8 26 48 34 38 34 2 18 44 24 16 7 49 8 8 25 34 49 10 48 12 4 34 45 7 48 40 6 12 30 6 1 38 22 44 30 43 11 19 26 13 16 27 36 2 1 41 30 33 35 
