16 21 52 8 92 78 53 48 62 89 6 23 11 72 90 53 8 50 40 22 30 10 62 67 93 25 57 14 85 40 38 48 70 93 92 71 20 57 54 30 78 82 35 35 24 66 80 93 37 69 22 71 66 98 15 22 95 69 36 57 99 39 65 27 37 84 84 31 21 31 32 31 37 15 9 67 95 36 80 61 34 47 33 80 95 91 13 82 45 56 41 5 51 93 18 56 71 67 45 57 
31 38 84 87 31 37 82 61 70 21 94 20 29 24 98 49 69 59 12 78 38 33 45 98 15 25 80 39 3 16 32 24 39 6 33 96 18 83 6 69 12 3 84 21 90 7 80 45 70 40 82 96 30 73 83 59 45 81 31 57 25 1 35 58 49 81 65 64 99 8 57 52 48 59 92 95 9 87 50 96 46 43 60 65 57 47 41 14 40 92 15 6 96 40 45 75 9 37 21 56 
11 20 80 59 82 29 84 63 16 50 54 1 59 59 59 80 32 16 53 78 33 30 94 1 17 76 70 96 92 11 65 35 47 60 87 38 8 32 44 59 71 65 1 54 24 79 57 78 2 48 34 89 33 41 20 30 24 30 96 23 50 28 6 65 90 77 41 24 85 96 19 53 84 85 37 21 97 20 45 31 97 49 42 90 96 80 54 98 79 62 6 8 21 55 97 46 84 50 19 34 
32 41 82 13 75 36 37 12 30 62 36 87 37 18 62 58 29 78 19 12 42 6 67 92 87 33 90 87 11 88 55 67 73 64 64 52 7 2 91 6 64 76 56 54 8 19 36 2 27 63 17 26 57 32 47 13 12 59 78 9 98 9 62 4 87 5 2 14 39 90 2 84 22 84 88 18 33 75 5 76 56 88 55 70 24 60 8 91 24 17 63 6 56 62 29 98 42 71 47 46 
55 26 74 92 18 10 81 89 86 74 81 97 56 8 45 28 85 26 35 10 66 73 47 22 26 54 3 82 8 87 6 14 12 95 31 36 63 26 43 14 11 5 60 55 91 80 10 85 89 68 33 37 96 35 26 92 54 25 41 66 55 81 21 10 56 26 97 92 5 44 76 85 74 9 53 12 33 2 77 29 59 81 68 53 71 53 22 83 86 78 55 35 47 79 2 70 79 30 35 52 
49 69 97 37 32 45 53 40 66 71 55 24 71 10 69 41 54 87 99 19 9 24 19 58 6 84 87 31 22 65 35 93 13 99 18 31 36 85 21 11 58 2 20 45 13 78 81 55 20 35 29 7 63 48 66 82 69 14 52 72 25 67 44 68 81 98 89 20 39 20 13 40 25 33 66 80 46 74 62 58 96 6 52 25 31 74 67 45 40 51 60 86 32 2 88 17 67 3 15 26 
42 87 29 70 70 8 79 82 75 71 60 49 72 59 57 28 21 94 75 68 99 45 59 53 37 91 90 32 94 19 30 64 49 26 86 16 31 65 77 97 98 97 14 56 65 1 90 24 75 56 60 69 33 25 2 45 77 46 2 4 80 35 49 12 68 34 38 60 75 65 48 58 72 47 30 4 61 30 70 39 3 30 16 67 15 72 27 22 77 86 40 37 34 42 75 94 96 65 3 94 
27 47 92 20 53 45 93 62 86 55 14 78 45 52 56 84 96 84 76 58 41 62 19 66 60 48 81 45 75 33 32 13 27 26 32 90 64 42 62 74 69 45 88 71 43 17 75 62 80 23 43 71 86 61 91 98 80 19 58 60 19 32 2 61 36 13 41 96 38 65 80 47 48 66 80 6 55 59 93 58 58 35 81 69 32 21 92 95 55 11 15 31 16 93 45 24 61 70 38 32 
56 9 69 29 33 54 78 43 60 93 91 60 62 67 35 14 37 25 99 67 25 20 66 86 4 44 89 84 26 98 92 49 10 71 64 61 50 45 67 43 27 28 11 98 77 54 22 85 74 5 60 2 56 28 78 92 11 91 61 6 77 61 11 46 32 32 9 99 10 84 46 46 70 44 26 54 59 96 60 80 60 21 73 7 96 67 66 78 80 32 68 97 14 30 14 74 39 85 94 19 
82 56 53 71 51 55 28 64 15 6 24 99 35 58 37 8 46 83 91 3 59 71 64 96 70 69 12 47 64 95 70 90 87 9 28 81 83 21 49 44 95 52 55 70 87 97 11 23 35 12 84 67 59 69 95 29 19 52 69 96 8 27 87 33 75 9 56 64 81 42 88 94 53 76 10 64 21 95 92 14 7 55 70 56 2 4 18 5 15 14 55 83 55 94 3 48 53 64 70 56 
17 20 10 10 84 96 35 40 79 47 80 28 23 72 33 21 22 55 8 77 75 24 92 89 13 62 58 12 77 6 29 13 1 82 23 4 67 87 14 1 7 51 54 81 64 71 66 98 49 5 22 32 93 99 92 64 37 4 75 69 2 18 39 14 88 94 36 16 91 44 29 49 69 71 57 71 56 12 82 83 66 58 84 50 89 54 85 24 61 79 37 79 96 37 89 90 12 14 95 28 
44 36 68 80 18 81 73 93 91 11 82 9 34 88 96 10 87 63 43 44 17 90 10 57 6 91 85 28 31 39 92 85 12 28 89 63 89 19 21 11 73 66 3 92 96 93 74 37 45 85 84 74 59 45 16 70 93 20 25 59 5 15 70 15 49 99 7 48 73 23 38 37 58 66 19 13 43 80 26 15 97 91 83 61 83 88 62 39 22 26 66 43 87 4 81 30 41 30 32 89 
16 64 84 38 26 34 26 18 67 57 49 39 57 40 60 88 34 81 37 72 15 97 23 40 50 46 54 64 49 83 49 76 68 87 31 71 36 49 75 74 72 69 56 19 31 84 72 20 38 6 32 24 59 99 92 64 25 61 8 86 36 58 33 79 89 26 78 46 15 2 82 65 69 16 37 50 84 2 87 79 98 24 53 95 83 83 62 29 61 54 71 22 83 26 12 5 1 28 43 11 
43 41 5 12 43 28 37 2 38 67 48 12 12 90 48 20 89 2 66 88 23 46 71 70 94 64 69 71 71 61 92 63 55 28 76 38 79 33 80 92 88 52 42 96 80 93 23 26 40 46 50 54 91 20 93 27 79 44 87 95 73 29 37 85 50 5 19 79 79 64 13 91 89 54 46 19 4 51 87 79 13 50 35 6 4 8 35 14 17 30 28 87 59 74 63 15 9 70 13 24 
41 64 63 86 35 63 69 28 94 50 64 98 19 62 22 95 96 50 24 92 24 34 64 67 16 68 54 28 29 46 38 94 12 34 64 86 8 57 94 27 74 23 53 31 69 56 97 31 98 41 27 99 86 81 42 78 38 13 10 56 59 74 76 62 18 81 66 90 50 33 91 57 67 78 46 38 6 13 70 47 27 24 27 62 88 26 95 50 72 16 85 32 53 8 88 13 55 2 8 97 
58 55 45 20 3 74 94 24 6 49 90 86 98 66 89 26 21 72 90 18 96 85 21 45 36 1 53 31 76 67 96 71 34 69 58 78 2 32 42 55 16 16 40 34 92 98 2 89 85 76 21 19 45 91 76 47 56 31 67 50 18 48 34 57 62 1 53 13 76 87 88 50 84 39 84 65 9 33 92 18 66 6 40 47 90 46 84 58 89 3 20 11 31 40 54 40 17 34 64 47 
9 15 35 60 25 28 75 71 63 42 28 87 3 23 39 60 67 62 87 23 17 68 31 72 68 27 4 73 7 84 19 28 49 59 55 98 54 41 55 86 98 7 91 2 41 6 52 75 45 17 90 72 25 62 56 75 39 45 42 33 61 29 8 86 80 39 54 70 76 93 92 82 24 45 34 24 66 85 29 92 46 98 13 19 25 33 59 11 55 82 83 42 49 50 60 34 24 79 40 68 
52 43 4 68 70 91 20 14 32 47 16 22 22 68 53 84 68 80 41 55 34 86 45 36 24 28 93 53 2 99 88 37 98 22 35 66 73 61 29 54 57 18 18 33 52 84 37 43 78 9 52 38 76 2 50 88 18 55 61 27 20 36 31 31 77 23 16 88 85 86 58 81 35 37 57 10 25 53 3 90 95 84 61 34 25 14 40 70 61 75 95 42 41 22 26 31 14 50 60 99 
85 3 87 23 89 2 11 23 40 55 50 53 28 2 84 6 86 27 29 79 37 81 39 62 52 91 42 43 2 21 74 49 51 26 33 27 55 20 71 16 66 73 28 99 13 38 99 91 34 51 72 15 83 13 65 43 51 54 53 80 58 27 75 19 12 89 79 99 19 4 51 99 48 16 5 5 88 51 6 10 73 17 81 84 12 7 93 40 91 89 29 2 32 53 33 42 51 43 77 40 
51 78 33 63 68 22 52 14 78 49 62 24 91 92 58 95 73 72 90 48 62 3 19 55 84 52 30 15 28 46 48 77 27 64 51 6 32 86 32 54 79 86 94 26 67 49 55 67 56 2 77 35 51 24 69 62 22 83 25 4 13 93 31 98 25 36 32 67 33 50 81 55 75 64 53 78 69 22 74 11 25 12 5 12 98 33 10 10 92 87 54 18 50 49 43 6 24 67 56 79 
39 9 6 5 35 32 59 78 11 93 80 52 79 11 44 84 51 56 79 94 40 45 28 3 47 21 95 33 69 51 76 32 45 2 82 30 48 99 1 64 85 11 60 8 69 8 47 60 39 94 20 60 20 78 57 93 79 22 99 95 36 19 69 53 58 98 49 1 50 61 97 72 75 6 99 19 21 50 16 16 3 84 5 95 78 5 85 73 24 91 49 35 65 24 35 94 37 86 22 59 
66 14 40 4 31 45 91 17 19 87 61 42 60 27 42 24 82 66 51 17 11 89 74 50 8 15 25 38 90 44 97 81 76 6 88 68 27 96 72 66 19 79 34 31 55 48 22 52 20 89 60 11 3 59 91 47 23 87 34 20 99 18 61 52 61 54 38 30 77 13 97 31 81 18 70 48 97 94 15 8 59 24 61 82 86 61 16 68 86 28 6 44 3 71 14 80 88 14 52 13 
44 39 20 14 61 7 25 44 8 2 33 48 54 39 63 2 7 81 57 55 76 24 5 48 35 76 80 26 91 19 68 42 4 39 32 35 16 45 75 57 63 74 29 43 32 52 47 76 99 94 3 75 34 68 16 42 93 34 44 69 68 52 52 12 85 33 5 58 56 61 49 58 38 36 77 33 28 47 8 28 61 7 64 72 31 41 83 91 76 55 72 83 79 6 41 5 95 66 85 84 
34 77 17 56 33 3 71 69 77 20 2 76 44 76 23 21 99 75 4 90 41 75 42 60 68 66 41 50 2 98 91 70 63 98 80 97 20 27 15 22 75 10 26 88 63 82 29 54 58 1 45 75 42 22 82 35 79 84 84 3 87 95 62 34 69 34 77 85 60 60 27 72 96 62 96 32 28 83 4 24 32 73 27 10 86 29 13 55 2 82 72 83 3 59 23 66 83 63 37 99 
53 74 40 69 71 61 46 6 13 32 11 52 35 90 16 35 52 66 87 72 7 32 64 40 53 67 88 28 71 19 55 56 48 21 24 74 18 22 57 67 22 68 95 64 63 73 83 88 63 70 41 43 7 69 50 55 85 32 78 89 89 7 61 41 76 44 70 69 46 32 86 49 1 80 26 52 47 51 5 65 83 53 42 85 15 8 68 94 43 91 85 11 75 65 58 5 74 31 41 59 
18 50 21 48 58 21 95 18 17 13 77 73 92 22 43 42 31 44 24 77 82 96 56 86 95 45 66 20 3 3 57 25 55 69 40 35 22 19 4 28 27 48 13 14 77 75 53 57 17 95 29 13 79 41 93 27 96 27 67 2 67 60 48 74 25 36 9 3 97 45 33 61 82 67 38 73 7 11 84 12 97 22 53 49 91 99 20 6 13 73 11 92 29 70 63 51 80 11 75 62 
71 37 86 63 48 3 68 23 10 16 30 57 67 74 5 73 3 84 27 40 99 8 48 7 25 89 16 46 51 12 82 75 21 24 6 98 33 97 94 37 47 63 36 89 99 31 4 45 38 24 93 42 9 28 31 52 72 45 96 46 6 95 13 6 59 83 85 14 76 63 32 26 92 84 65 38 83 56 4 78 53 63 4 9 95 56 11 84 86 50 49 89 76 1 24 46 91 7 44 73 
98 43 98 73 88 62 90 95 51 61 96 38 91 82 5 58 54 3 33 67 76 66 74 91 26 46 29 43 99 96 93 34 59 29 37 1 36 91 67 55 26 67 64 9 22 33 6 30 5 97 12 52 60 15 9 28 96 95 72 96 53 64 63 92 79 84 88 27 33 53 26 83 84 81 20 68 34 92 75 27 99 8 16 61 56 26 50 22 6 71 32 62 34 73 32 38 69 31 89 56 
65 79 58 28 19 78 85 29 34 46 2 7 67 27 18 95 91 39 40 81 8 19 28 23 92 74 23 27 23 31 24 81 39 96 14 28 11 83 72 82 74 78 63 40 7 78 63 44 94 41 89 30 4 45 68 81 15 89 67 18 8 50 11 79 69 95 99 78 28 79 97 32 96 90 22 87 92 45 13 25 90 54 82 7 39 3 80 1 32 79 72 54 39 84 39 49 9 64 77 89 
16 96 73 4 14 32 61 65 35 48 79 4 91 66 95 37 25 27 93 57 28 74 52 10 37 97 35 35 24 31 83 1 95 27 88 49 89 63 54 35 68 42 60 77 97 6 18 86 50 46 3 90 94 79 30 56 68 21 78 85 27 4 17 97 2 41 9 53 68 22 37 50 70 54 62 22 65 61 79 88 38 26 82 11 82 35 41 17 82 37 58 8 42 89 74 74 95 11 93 93 
3 19 40 66 23 40 7 86 14 45 70 53 66 96 88 19 99 75 2 44 13 57 66 52 40 33 54 7 8 36 37 38 29 53 24 75 5 98 44 78 91 2 88 34 43 16 98 18 22 22 50 69 80 65 36 95 90 17 87 56 85 90 11 72 33 43 69 26 25 82 44 82 69 66 55 90 61 3 49 80 23 76 79 73 84 49 22 50 94 97 57 98 45 55 42 74 80 80 68 57 
79 71 81 66 11 52 79 18 82 18 6 54 28 58 47 48 64 27 21 64 43 86 32 85 57 77 84 26 21 95 66 22 51 62 18 43 52 4 75 56 8 8 43 4 97 34 55 64 50 32 32 75 29 72 97 24 4 30 34 58 68 59 21 13 50 97 73 86 69 77 40 62 99 4 38 82 28 4 23 45 13 2 65 30 3 12 96 76 83 68 29 39 48 83 94 98 81 20 82 22 
67 73 76 77 55 83 80 66 71 52 17 16 81 30 77 54 94 19 63 3 3 12 3 99 20 62 78 51 39 65 57 73 25 10 71 57 56 76 5 88 85 83 88 88 52 20 69 15 49 47 83 21 83 22 13 89 74 11 34 74 61 77 20 85 80 50 36 82 69 39 42 61 2 21 63 26 83 1 99 6 51 82 22 77 90 79 23 93 3 41 80 40 97 73 42 85 84 62 98 42 
3 81 71 77 23 61 32 9 83 42 70 40 58 97 97 78 50 91 75 51 29 50 93 14 15 23 82 36 69 29 32 89 29 56 96 11 26 24 98 6 64 41 23 62 5 47 25 5 97 85 1 50 41 27 49 3 53 62 87 28 5 1 63 92 74 85 56 3 7 53 27 49 99 88 98 68 54 6 83 93 24 14 16 38 56 84 81 63 93 55 17 58 61 97 20 37 56 80 16 28 
47 86 55 3 54 31 26 43 83 45 81 10 37 72 79 73 93 2 83 72 84 61 37 46 52 51 32 10 77 80 9 61 77 8 89 38 11 4 63 3 29 75 17 70 28 25 15 21 1 88 24 29 86 61 18 37 99 89 96 77 3 73 75 30 2 59 78 6 70 41 65 69 78 3 61 78 54 24 96 83 58 90 1 11 57 2 9 52 79 72 79 9 77 64 21 39 14 21 72 9 
49 88 9 29 1 57 28 94 31 58 11 67 56 66 30 99 77 68 30 11 68 69 91 9 4 1 97 11 58 78 51 82 45 72 44 41 33 44 60 16 30 79 75 94 47 41 39 41 2 93 23 9 93 72 9 90 90 58 92 87 87 21 37 63 12 75 1 17 14 66 5 9 87 66 31 46 55 32 17 46 53 14 20 75 68 73 29 59 48 79 39 43 72 60 81 74 89 70 30 57 
66 51 13 38 27 75 89 44 92 23 83 71 47 25 86 66 42 64 26 49 65 71 43 70 16 73 43 92 54 56 83 60 15 73 20 38 96 6 67 77 7 45 72 26 59 98 72 51 30 99 10 33 24 67 25 55 90 44 30 33 16 63 37 78 71 60 50 16 97 68 58 64 29 83 73 41 12 26 30 41 60 93 72 35 78 26 81 53 10 63 24 36 37 46 63 69 52 19 18 58 
44 65 6 43 86 98 73 85 11 70 56 86 98 57 73 82 11 13 49 35 4 92 90 24 6 62 33 61 45 19 19 89 27 77 3 18 91 66 44 29 16 87 89 48 80 99 86 67 25 19 14 40 42 17 69 9 17 23 68 31 36 7 55 27 72 52 98 28 91 48 53 70 41 52 32 14 46 45 92 55 16 43 5 1 54 40 23 55 28 28 27 10 67 86 36 96 42 4 42 64 
5 66 9 2 86 23 36 88 65 29 37 91 91 43 21 63 84 73 96 68 98 92 37 82 57 16 90 45 6 21 2 24 18 6 23 25 19 44 8 55 56 99 27 71 56 15 79 8 80 83 29 76 17 45 70 15 51 87 2 88 55 74 53 94 72 39 17 27 75 73 70 79 14 6 94 90 64 62 62 25 79 5 55 21 21 17 61 79 42 97 14 92 20 50 38 88 4 62 41 4 
3 51 52 92 32 86 14 70 10 99 97 22 40 35 87 29 82 97 50 16 15 21 66 70 74 59 72 4 68 59 38 27 43 82 43 39 10 43 55 53 3 23 43 81 77 88 73 4 6 93 92 74 59 83 33 5 85 85 40 37 31 77 27 66 43 75 53 66 82 32 25 88 91 36 1 31 40 20 36 19 83 51 93 16 21 8 40 1 44 20 45 21 38 34 8 75 97 94 52 15 
19 14 19 73 43 26 34 89 2 28 76 93 53 71 82 72 90 79 21 74 23 11 20 5 54 21 26 97 42 52 19 30 39 33 68 94 95 16 3 6 63 18 91 82 46 9 44 66 64 92 49 41 48 20 25 79 72 57 20 60 66 30 63 71 27 61 10 21 62 46 29 88 96 32 30 70 88 36 75 18 27 86 92 53 50 83 90 34 2 43 37 89 67 36 50 65 28 73 27 87 
92 38 61 17 5 64 49 59 37 16 89 73 4 99 59 53 68 80 36 52 23 32 65 90 39 90 6 26 56 68 47 49 3 98 68 45 94 28 52 50 51 29 63 47 42 85 48 55 34 15 58 45 14 26 79 76 99 44 33 41 94 36 69 14 55 90 37 94 86 98 93 46 82 6 24 76 53 45 24 49 76 87 71 23 61 6 38 43 43 30 95 21 97 71 79 53 18 61 99 37 
43 38 71 35 38 23 73 86 96 53 56 37 38 2 37 18 31 50 1 7 44 39 14 13 77 30 92 73 53 8 68 56 10 60 95 83 33 98 72 70 11 71 7 90 95 48 38 18 12 5 66 72 77 50 33 67 14 29 56 87 99 39 89 2 92 1 29 36 11 49 25 86 96 56 87 27 90 13 34 61 42 47 57 78 90 67 97 90 29 89 21 41 90 52 20 48 53 29 26 4 
87 52 61 64 46 66 39 33 84 91 72 70 2 83 12 64 97 88 17 24 90 33 43 22 41 90 97 14 23 43 30 52 30 73 13 26 11 64 11 88 3 11 75 5 72 67 26 16 15 43 8 37 87 10 60 57 94 61 66 86 38 35 55 13 65 71 49 16 34 7 35 32 7 38 83 67 83 28 5 42 40 7 46 29 29 80 8 58 38 87 80 31 15 7 57 67 48 15 63 57 
22 40 23 49 61 39 76 50 21 28 67 6 41 97 98 37 7 41 94 69 56 47 43 96 19 90 69 48 21 42 82 96 51 73 48 85 21 92 55 8 9 30 49 19 14 68 46 84 94 83 37 80 68 42 65 84 87 7 26 37 59 31 27 95 46 64 40 77 34 56 82 78 63 89 60 68 44 55 9 96 18 22 37 12 14 40 24 44 50 5 58 59 12 41 21 8 89 89 87 30 
34 7 7 39 33 78 59 6 28 44 50 90 23 39 18 79 94 68 61 15 82 71 83 90 98 36 23 76 83 10 30 99 64 10 36 96 83 95 55 91 11 75 79 6 60 88 24 39 92 71 70 93 81 13 43 49 30 91 18 57 63 34 77 4 3 85 88 29 88 36 49 66 75 81 43 23 49 42 55 5 30 8 26 62 72 1 66 7 74 79 41 38 43 74 2 76 87 76 9 46 
66 50 93 11 50 44 4 37 52 87 73 26 99 31 13 22 16 89 60 77 54 47 38 80 31 94 69 26 82 44 38 1 3 39 83 18 63 9 28 76 31 55 49 77 55 95 78 6 63 96 17 32 74 64 83 72 83 58 43 31 12 38 76 44 44 61 82 42 37 4 36 17 17 97 74 85 54 54 2 84 14 77 85 92 86 57 21 1 89 67 10 60 37 12 77 98 61 60 67 87 
96 7 76 37 71 18 19 55 75 80 67 54 8 31 22 44 4 33 61 23 40 91 2 13 32 10 47 95 84 19 10 53 37 43 60 33 46 43 44 67 79 68 84 25 44 7 20 32 13 64 9 64 2 8 39 2 72 90 72 24 23 20 85 21 9 12 8 21 34 22 78 41 43 86 83 83 97 66 27 69 79 84 40 26 77 14 39 33 26 30 43 38 33 33 13 4 49 44 85 76 
32 3 27 88 43 80 62 49 92 21 23 52 23 44 18 2 86 45 68 39 59 60 28 1 89 35 8 35 45 90 19 55 86 17 62 40 11 43 26 24 73 33 95 53 85 54 43 12 4 97 88 26 59 87 21 49 5 18 91 17 25 53 14 67 43 43 39 27 42 34 59 26 14 86 84 39 82 17 60 49 50 22 82 43 63 38 51 19 28 45 12 20 98 39 66 15 93 82 90 77 
55 53 11 6 28 45 10 74 48 35 87 41 24 34 22 82 81 2 58 93 26 20 88 17 17 37 49 1 27 12 66 49 39 88 83 66 35 43 68 35 50 98 8 20 78 8 3 12 60 81 43 96 23 62 98 96 84 55 10 96 69 46 11 58 31 99 54 44 15 81 25 12 3 58 84 11 58 59 18 19 33 55 69 26 23 17 93 98 86 55 48 67 14 75 27 92 65 71 3 22 
10 82 74 36 56 85 27 29 66 47 1 86 86 41 54 15 5 78 21 22 75 48 87 66 73 37 57 73 89 24 62 77 36 97 79 70 73 8 91 90 97 30 5 3 36 75 93 45 73 34 17 66 68 6 37 96 8 18 51 21 34 73 85 64 23 14 89 39 5 27 35 50 4 62 60 79 25 79 91 86 12 30 79 43 93 4 53 24 61 19 74 69 42 53 20 57 73 4 45 35 
21 13 1 26 19 50 49 22 11 66 18 89 81 47 15 15 69 13 72 73 86 66 52 86 57 89 5 91 47 57 53 29 61 5 35 61 18 16 85 89 78 16 67 94 10 9 71 5 21 91 59 55 81 43 6 47 73 46 87 91 64 83 42 95 41 56 83 80 36 55 87 15 58 91 55 1 36 3 45 48 29 56 35 96 7 97 5 86 56 8 56 88 40 83 98 21 62 96 76 83 
41 97 68 35 52 36 2 59 53 17 75 97 7 31 92 1 18 69 4 39 4 35 77 27 29 72 83 21 5 54 1 27 23 37 19 42 76 1 71 12 92 8 94 70 28 73 10 87 80 73 12 37 77 65 66 49 7 14 24 56 90 73 81 31 70 91 99 69 11 52 77 65 8 76 99 68 79 5 51 92 96 29 19 4 3 81 64 92 57 72 85 55 56 93 32 1 61 23 39 6 
54 15 62 6 14 69 47 14 47 85 73 39 6 27 91 8 9 29 28 41 97 74 28 37 88 45 18 59 33 76 26 19 87 3 34 47 13 93 78 75 44 19 89 44 23 46 4 98 53 99 48 91 25 25 29 14 57 87 83 90 61 4 25 27 74 60 81 22 71 67 90 13 68 89 70 34 31 9 32 20 79 54 81 7 68 85 93 30 33 65 13 99 31 74 68 78 23 16 37 7 
99 66 6 90 2 21 91 74 94 94 6 90 64 26 79 35 85 39 53 77 81 17 28 85 15 7 76 69 8 41 26 94 75 4 99 38 35 93 12 98 77 77 94 72 95 62 66 46 73 8 14 6 54 80 35 23 26 59 74 72 70 11 64 92 61 36 38 55 40 55 11 90 34 26 81 9 36 34 10 34 95 56 22 65 55 92 6 68 8 38 3 12 36 80 45 69 75 73 48 78 
60 8 40 16 21 36 56 32 29 96 9 20 36 48 71 18 2 32 6 62 72 4 45 41 48 60 65 32 59 16 29 86 62 80 52 33 91 22 80 61 72 11 16 38 85 80 24 62 59 90 64 64 85 50 56 72 13 99 38 44 93 9 72 65 86 80 30 69 5 32 9 66 56 13 53 13 35 93 76 64 70 97 77 82 3 93 84 99 42 87 64 94 3 28 29 25 72 32 4 41 
3 23 56 1 46 63 63 23 2 40 32 77 69 28 63 33 52 64 15 82 14 41 69 79 24 59 95 58 85 86 56 67 18 81 20 34 46 23 63 55 73 26 38 70 70 5 52 4 63 69 9 26 53 27 11 40 56 29 28 56 3 33 25 4 66 80 54 27 5 4 22 36 79 19 4 60 52 77 19 24 43 69 37 10 95 62 50 38 70 26 94 72 20 64 96 92 20 81 12 16 
95 83 57 76 76 46 1 29 32 72 53 64 3 36 29 20 95 40 85 70 10 62 47 45 1 57 81 29 14 86 23 48 46 55 32 77 67 24 42 69 8 49 86 50 30 25 27 31 20 59 62 4 39 47 19 58 54 98 93 15 8 31 36 7 28 53 94 37 37 94 30 1 1 13 44 55 4 13 35 94 57 57 44 76 92 73 74 56 57 41 16 78 88 28 5 6 20 27 11 45 
13 7 98 99 69 20 33 59 75 61 83 58 45 50 45 16 76 36 56 25 4 72 58 40 38 40 49 53 18 73 23 68 41 81 25 44 30 77 1 73 69 44 78 25 94 87 36 4 46 60 75 98 90 49 98 58 11 12 42 13 3 32 28 18 93 38 26 32 39 3 6 14 53 94 83 10 38 8 14 82 67 56 46 37 48 37 36 29 12 50 77 24 86 20 63 11 99 94 20 22 
74 71 40 57 55 40 77 53 81 89 38 85 35 91 19 39 82 88 7 49 61 25 66 90 2 54 20 8 89 30 91 65 94 66 98 38 6 14 27 36 59 37 37 29 74 71 64 25 85 61 16 48 78 46 11 65 48 91 53 61 68 35 6 38 92 85 79 42 63 91 72 31 15 53 70 15 13 60 79 50 52 62 49 81 37 51 15 4 22 67 42 32 14 5 30 78 25 30 37 18 
50 98 6 87 78 16 70 97 23 12 22 81 45 19 76 83 30 77 52 81 81 57 32 96 91 28 7 23 27 7 64 99 67 20 51 22 63 76 41 71 43 2 78 21 93 92 55 83 44 37 4 98 82 12 5 61 93 23 40 45 27 67 31 46 40 7 58 50 61 61 32 2 56 21 49 80 32 19 10 90 7 67 21 61 80 51 84 34 11 58 18 88 21 69 43 90 8 74 97 44 
66 66 58 3 62 43 77 6 59 77 18 45 50 10 63 37 74 4 22 15 3 43 55 8 54 91 66 12 80 97 52 9 87 76 24 30 9 42 99 58 50 99 75 12 72 40 92 78 38 16 34 46 21 75 84 8 79 50 77 96 19 93 17 80 91 87 71 46 98 17 21 36 90 3 63 67 82 41 99 31 81 7 29 84 32 61 41 86 3 81 56 50 82 14 10 68 36 23 22 89 
68 40 29 49 51 64 3 25 51 16 12 16 91 91 73 26 71 30 25 68 8 20 28 84 17 11 81 11 29 78 79 8 40 23 28 64 97 12 93 39 69 59 28 87 32 51 51 40 23 72 45 55 69 51 32 43 80 11 16 43 96 55 90 16 50 99 11 60 36 69 58 61 84 55 29 61 97 66 64 95 16 87 26 59 61 48 60 31 36 91 58 25 46 7 85 91 44 34 42 84 
92 9 65 66 49 27 35 27 27 4 23 56 50 87 16 54 32 85 93 55 80 27 31 62 60 1 66 23 49 49 98 6 27 60 52 51 59 41 10 33 85 68 73 83 31 60 58 13 80 46 26 89 18 54 59 67 85 69 92 72 15 60 12 72 79 31 29 65 2 42 24 44 92 91 37 12 47 19 49 55 5 99 2 34 88 19 98 53 40 92 87 3 30 51 53 76 61 66 91 46 
80 35 75 78 32 8 60 26 51 11 70 96 50 70 87 12 39 18 64 32 21 56 64 21 11 53 48 1 71 50 8 85 63 15 64 18 98 58 81 18 81 96 99 85 29 80 28 55 48 39 70 63 41 49 67 77 60 41 7 87 53 24 99 68 97 49 12 1 16 73 21 34 88 97 10 61 27 76 79 23 97 96 70 14 51 47 23 87 11 67 6 86 85 44 30 93 63 77 41 73 
18 95 83 18 92 32 29 89 15 49 51 20 75 61 94 38 93 10 22 4 16 98 75 38 5 77 64 18 74 99 10 46 85 73 76 17 74 77 4 27 4 15 32 34 56 72 11 6 56 82 1 22 39 76 35 3 71 14 23 11 30 53 6 89 45 4 42 18 64 52 16 50 39 95 99 93 99 63 59 32 32 11 52 23 10 96 41 57 58 18 51 35 12 93 73 44 20 33 14 31 
78 39 97 25 30 78 46 22 18 75 20 51 99 56 43 57 30 19 72 28 92 27 36 1 27 70 20 66 58 16 79 86 57 71 14 51 93 47 55 14 81 53 69 98 9 21 65 60 91 74 50 76 8 56 64 4 17 74 58 91 99 35 73 7 47 14 29 3 83 8 14 36 69 55 40 39 73 80 69 25 34 19 76 50 58 52 28 89 68 27 15 34 28 65 64 78 82 98 55 98 
78 96 86 22 76 44 92 2 81 19 58 83 89 80 4 61 47 74 54 14 35 3 80 88 55 16 91 6 15 23 64 46 89 45 91 86 59 76 84 52 5 85 57 47 97 43 36 31 6 9 1 54 47 10 29 7 89 4 76 45 41 31 3 90 34 76 60 65 39 88 41 91 33 32 39 90 92 50 58 88 90 10 71 71 16 5 67 25 52 11 91 42 65 61 66 85 90 24 12 50 
40 72 47 68 3 85 18 51 71 12 97 2 35 81 86 60 46 59 70 5 49 69 13 51 90 57 62 30 55 87 76 45 88 50 11 34 49 8 10 83 7 49 3 78 20 88 81 46 36 64 43 13 24 41 18 36 19 56 44 36 67 25 65 46 46 48 68 9 62 75 76 51 78 51 68 15 89 90 75 41 82 87 51 10 45 10 69 76 82 38 33 87 26 67 71 9 12 41 65 80 
48 52 94 51 33 49 73 78 94 20 26 87 75 59 95 80 74 69 37 39 2 60 16 89 2 78 19 60 37 35 50 34 15 91 41 75 40 12 56 62 81 93 3 30 4 31 54 76 75 45 35 61 44 33 15 35 13 25 58 94 34 91 76 90 50 11 7 24 17 65 20 84 10 31 20 84 39 49 62 1 3 82 65 93 42 99 51 54 6 9 85 8 78 94 7 92 27 18 98 40 
25 22 64 22 93 52 85 45 39 89 61 94 40 91 79 75 96 60 65 92 12 2 27 28 18 81 12 2 5 98 92 85 37 42 35 25 5 52 22 68 27 29 89 82 1 42 65 44 28 72 45 50 89 40 44 63 77 74 86 25 53 47 66 74 80 4 30 57 85 49 96 20 91 70 31 1 76 29 46 77 41 29 4 62 48 16 92 67 38 18 64 66 73 80 93 17 47 92 5 95 
16 52 34 73 62 4 22 3 81 76 88 4 10 91 57 48 71 44 17 20 65 99 32 9 40 75 99 12 89 23 26 84 97 49 14 88 96 17 12 36 10 18 35 97 89 9 68 86 10 17 86 3 73 68 49 12 46 1 87 95 70 67 43 34 87 42 71 42 58 44 64 94 83 22 57 73 51 84 81 68 61 37 82 19 44 45 85 50 68 69 36 95 99 8 95 71 66 7 87 22 
3 69 32 61 61 74 8 68 39 46 19 70 51 30 7 94 84 32 33 67 25 77 52 54 36 8 47 45 31 88 61 87 46 67 68 90 92 24 13 1 42 41 80 17 74 39 53 18 54 18 59 51 65 71 7 68 72 4 48 85 26 32 87 99 37 83 9 14 32 80 55 28 5 45 95 45 38 16 11 75 10 71 25 45 45 13 8 78 75 20 26 93 22 24 8 99 43 77 89 87 
38 73 99 91 43 10 73 77 93 65 98 10 26 30 44 86 44 48 80 95 16 86 5 13 17 5 75 56 96 91 35 26 94 61 13 47 96 87 23 87 36 4 62 90 39 91 13 54 52 90 78 62 60 8 59 22 72 70 94 98 81 67 88 11 32 5 13 82 95 42 56 64 5 76 5 94 58 87 70 64 13 8 78 48 41 19 90 1 90 36 50 59 86 22 97 78 72 96 26 27 
50 98 67 86 61 67 35 1 15 64 45 77 30 6 35 1 96 71 27 33 27 28 48 49 74 47 67 79 59 38 76 48 71 94 89 93 53 86 8 98 53 49 19 30 25 46 12 17 84 56 73 69 27 84 23 37 36 67 50 16 40 93 63 34 4 74 38 59 68 44 48 17 90 15 80 99 75 40 61 54 64 19 64 29 20 22 49 22 47 40 88 51 8 77 93 69 84 72 24 55 
67 5 62 48 99 34 91 97 79 65 91 98 69 15 65 66 23 8 51 66 31 93 39 2 2 10 85 91 28 53 51 29 5 20 64 5 54 37 60 73 23 95 86 43 16 72 89 77 92 79 86 86 99 24 10 5 67 42 33 46 33 28 86 75 32 45 58 80 16 64 8 64 64 17 89 24 27 77 58 66 19 87 31 8 18 15 85 44 89 13 53 17 5 39 26 18 96 41 48 27 
76 90 51 52 22 77 66 95 2 89 68 50 36 76 63 84 39 22 88 80 61 81 69 60 16 11 9 78 8 62 98 33 29 79 79 55 71 18 25 27 63 53 19 29 90 90 20 83 56 94 98 37 35 9 2 14 63 70 47 48 1 4 43 37 19 6 37 50 62 28 3 58 81 56 32 1 16 19 64 30 46 40 28 64 31 1 75 93 79 52 4 73 89 66 15 41 9 82 18 14 
35 1 23 75 69 84 36 13 72 71 28 16 7 31 53 87 87 4 48 4 43 44 68 27 90 69 36 31 10 81 49 81 52 99 22 43 52 13 48 93 9 80 59 70 97 64 85 22 90 60 52 89 24 32 3 92 43 65 41 27 59 48 93 58 41 26 25 52 98 8 10 13 46 45 50 5 82 57 17 68 62 25 59 27 40 89 68 38 11 39 41 36 40 5 52 25 43 97 10 31 
42 48 33 88 27 95 65 94 50 92 8 87 98 24 39 64 54 56 31 93 65 68 33 12 49 68 58 83 75 33 31 71 69 68 93 73 67 2 49 62 54 12 27 33 70 92 65 73 76 81 51 42 63 90 50 54 25 33 91 44 3 49 87 19 59 25 27 61 69 94 44 86 45 37 47 94 1 48 27 77 95 19 41 90 1 32 46 85 1 68 91 2 20 53 5 70 41 71 88 55 
52 53 84 2 89 59 3 76 73 36 34 74 32 27 14 56 58 38 33 71 27 15 67 74 43 49 29 32 75 68 8 92 26 86 80 39 96 54 93 76 29 27 73 43 26 92 96 53 23 64 48 32 22 47 23 45 11 56 31 15 38 99 95 16 6 68 9 59 49 49 38 39 99 63 65 42 24 73 40 67 6 67 74 85 94 74 78 35 97 27 50 61 69 8 63 90 39 2 76 10 
9 39 88 82 22 85 30 93 5 73 91 49 40 73 92 92 90 87 93 11 38 70 16 2 94 65 89 84 6 18 91 85 45 35 6 82 99 81 80 58 32 95 62 95 60 13 81 14 97 42 6 3 51 87 31 77 20 45 99 79 11 85 11 26 46 70 66 76 29 28 31 96 12 80 47 34 77 67 48 93 97 9 62 65 92 22 32 63 92 24 78 60 40 93 99 81 32 40 51 89 
78 62 17 14 85 97 64 15 21 71 20 35 67 30 56 43 4 90 95 72 47 5 21 24 51 21 53 49 62 95 57 77 40 28 38 11 49 7 30 91 87 8 57 15 23 69 75 88 71 57 32 57 14 40 94 63 80 73 42 66 51 74 99 24 37 63 9 97 83 3 44 20 64 87 18 84 15 54 43 78 6 81 34 76 4 9 45 1 2 28 22 74 66 76 32 27 80 68 32 16 
12 10 36 36 30 5 64 9 74 20 70 76 24 92 96 87 67 80 28 49 19 29 52 29 37 95 44 49 1 98 90 35 79 68 5 49 52 77 8 98 96 26 19 11 38 69 91 88 19 17 65 50 81 99 92 96 51 75 8 46 37 44 47 58 68 64 24 41 74 70 91 71 78 3 46 84 62 17 32 84 47 90 31 52 49 95 8 98 57 31 66 85 76 53 69 83 11 58 27 42 
67 98 23 11 11 64 76 3 25 64 79 97 84 10 72 35 91 86 49 19 59 98 91 11 66 3 63 84 41 55 89 41 90 16 46 61 4 20 67 33 97 56 34 26 56 93 55 98 4 73 34 81 14 39 97 21 70 55 33 59 73 63 63 62 16 79 49 2 71 90 75 87 19 60 72 23 2 22 29 81 81 34 9 95 18 87 87 87 13 34 47 84 88 21 9 72 53 6 12 74 
61 14 31 45 54 73 77 26 67 53 43 57 23 4 21 46 98 31 71 75 46 94 28 39 53 78 97 66 58 98 10 87 17 43 26 62 29 54 12 21 70 25 74 54 52 77 64 63 1 57 36 24 11 19 45 25 66 66 4 64 19 60 46 60 22 42 77 59 14 30 76 47 41 87 80 48 3 68 22 53 73 25 67 8 40 90 54 89 10 21 53 14 27 96 26 67 58 66 33 89 
87 42 12 34 31 64 4 91 14 66 3 81 51 92 20 78 21 21 17 5 41 89 79 79 45 92 75 96 23 63 50 66 21 84 92 85 97 19 78 95 71 61 72 39 33 77 54 76 28 17 55 66 95 98 40 44 47 68 3 24 3 31 87 88 82 45 64 92 57 48 84 75 88 68 64 46 61 79 13 17 10 32 26 66 26 94 12 10 54 27 97 4 83 5 11 15 29 62 68 96 
22 93 21 28 15 6 87 48 98 34 63 56 34 57 7 48 45 45 72 90 44 75 75 63 12 17 88 49 35 85 20 70 95 73 19 74 77 95 39 48 95 6 80 37 99 66 88 66 6 28 62 19 59 34 64 22 4 56 97 57 6 45 53 69 46 34 63 43 68 99 83 21 64 54 2 95 99 37 3 21 96 72 15 43 87 25 18 14 4 37 40 10 19 24 30 83 56 17 67 15 
55 90 44 82 52 1 21 62 53 3 51 86 69 83 76 30 34 40 94 27 90 30 45 46 75 43 35 57 48 53 64 6 41 44 72 21 96 78 40 26 89 87 59 27 76 15 95 71 83 97 67 64 25 23 92 76 44 44 10 37 63 67 20 12 39 77 19 1 98 14 78 77 5 77 41 96 35 43 99 75 32 71 59 2 52 55 34 90 37 89 62 52 35 12 90 2 7 3 88 17 
78 38 30 28 63 65 84 45 24 82 51 87 19 18 46 74 49 48 16 7 78 73 62 41 31 10 99 51 90 34 91 27 38 71 82 9 63 35 50 76 87 82 69 81 47 61 83 62 25 41 10 45 95 10 75 12 51 26 51 46 30 7 76 27 16 24 78 37 79 21 91 37 72 92 44 69 63 84 86 5 50 7 47 20 18 74 78 45 20 56 51 18 73 39 76 10 36 60 46 67 
38 10 78 67 87 4 33 14 51 90 33 16 62 73 50 64 76 12 32 34 39 33 95 42 48 27 21 82 71 2 70 10 70 14 60 38 80 42 13 26 96 45 37 21 97 38 75 79 27 72 36 53 21 43 43 77 55 58 52 34 85 68 26 31 29 83 21 98 37 51 42 74 44 99 29 94 75 71 62 1 70 53 36 87 74 90 56 71 5 82 35 81 79 77 53 30 48 93 63 85 
8 26 77 7 26 13 11 35 35 17 77 11 2 37 99 72 96 50 43 99 77 83 50 74 41 74 8 82 75 70 9 43 61 39 77 38 91 27 24 20 10 91 63 51 40 49 62 88 10 55 42 68 35 5 89 59 82 16 47 74 65 2 17 17 43 9 93 79 15 53 76 7 69 68 4 83 2 14 38 3 78 97 34 53 52 8 28 9 82 93 72 94 28 65 3 38 82 64 26 42 
82 19 11 23 80 73 74 60 59 20 92 23 8 63 76 11 93 46 1 23 27 4 31 21 40 54 5 6 90 52 63 48 80 5 3 82 49 55 17 28 26 4 98 10 99 68 81 18 23 86 65 72 40 62 72 66 7 34 29 44 15 44 14 41 52 71 12 14 70 58 94 60 32 12 31 26 2 22 99 78 38 51 60 35 22 63 57 12 5 59 42 54 88 83 87 7 46 49 66 92 
67 97 75 8 34 1 48 14 98 6 57 72 67 3 40 67 72 83 9 7 67 59 67 61 21 21 92 84 51 37 91 4 48 22 7 81 22 30 40 14 13 90 3 58 64 55 24 53 28 26 38 59 34 73 90 30 97 15 72 75 21 48 82 2 22 64 81 52 30 62 32 38 45 38 98 28 66 17 19 17 81 18 9 79 60 37 1 96 13 98 59 70 69 72 17 83 64 98 41 91 
73 72 61 51 16 61 27 5 79 65 40 98 10 39 58 18 96 39 23 55 24 19 78 52 64 3 10 94 25 88 51 20 83 55 20 19 50 70 36 6 95 53 28 85 91 18 79 75 7 18 91 71 15 49 48 28 3 41 3 26 84 20 94 96 52 66 59 80 59 60 6 36 48 56 38 9 31 40 52 80 72 36 29 44 2 55 44 38 65 94 4 32 65 50 64 26 1 27 70 59 
86 10 51 58 97 34 54 17 67 30 21 61 39 95 37 93 51 55 54 75 69 56 63 71 77 25 73 89 43 81 21 9 26 4 52 91 60 44 59 96 1 63 38 58 23 17 4 99 20 30 16 6 92 52 94 41 23 9 47 18 64 34 63 16 5 63 7 66 73 70 14 61 92 25 57 60 93 65 42 65 20 10 15 90 87 88 36 45 43 9 30 56 11 91 13 18 55 13 14 38 
79 92 38 9 81 13 78 71 93 59 35 40 4 33 79 8 85 73 49 58 17 77 6 96 94 35 80 71 48 57 2 49 58 94 50 26 86 91 46 86 45 4 80 50 80 62 45 71 84 16 63 23 4 31 4 8 94 73 83 53 7 74 54 30 5 82 42 86 19 77 11 24 84 3 87 3 44 93 98 57 9 11 61 33 29 48 21 95 83 15 24 17 72 35 99 61 13 59 2 77 
79 80 29 37 96 18 60 90 22 11 9 22 79 15 6 58 35 68 43 96 59 61 15 50 75 42 3 97 22 15 56 15 59 91 27 9 63 97 12 72 68 20 23 34 38 87 2 64 57 79 76 94 74 68 2 15 58 84 96 15 85 61 99 11 38 94 21 19 16 41 85 61 53 58 58 92 89 27 12 49 61 12 69 53 96 62 25 99 66 9 47 28 77 83 6 97 84 57 86 77 
21 41 9 74 86 59 51 58 4 78 5 99 25 14 56 98 73 25 57 4 29 23 32 57 27 40 40 44 37 27 75 48 31 73 35 95 66 2 13 76 14 39 47 54 75 28 82 91 83 9 19 89 98 3 68 41 5 80 53 89 13 8 1 37 1 41 41 15 52 21 34 4 95 30 29 83 49 64 63 64 39 42 39 37 74 34 57 3 31 7 84 89 76 53 67 69 56 79 4 49 
40 84 89 46 38 52 51 73 37 58 23 53 67 62 98 72 83 59 50 65 20 62 27 83 49 24 55 24 43 27 11 69 98 52 19 69 94 38 37 48 40 39 34 71 10 30 30 96 51 52 65 17 62 43 19 57 64 72 57 60 96 30 93 1 87 89 78 53 15 68 83 64 4 74 88 7 34 73 1 92 32 17 9 35 45 62 96 43 79 93 77 10 17 32 58 19 27 59 73 94 
75 79 60 61 71 22 45 44 60 27 30 37 21 94 47 45 98 25 64 9 30 94 77 50 69 94 54 32 69 88 80 65 80 49 64 4 14 75 97 3 94 83 15 71 28 91 89 46 88 50 26 82 23 35 72 57 67 99 38 48 19 82 31 26 57 73 80 27 80 96 27 25 56 47 80 96 42 46 15 80 40 21 38 67 4 89 91 22 6 87 72 33 40 39 86 65 26 10 19 23 
