34 48 1 48 48 4 31 45 9 1 47 42 13 29 24 48 3 22 44 28 49 48 34 6 29 7 38 15 32 39 23 23 13 40 46 16 27 3 25 17 39 3 40 12 10 20 24 40 41 27 
11 39 9 24 23 41 26 11 11 40 12 35 5 25 5 38 5 7 34 21 17 40 19 24 46 42 47 7 27 49 12 37 41 16 17 32 35 34 5 9 2 10 33 10 38 28 36 30 19 29 
39 31 31 43 9 39 21 36 7 43 32 4 22 27 37 39 38 40 2 29 38 49 41 16 35 37 42 39 5 26 12 44 1 3 13 46 39 12 2 31 14 5 29 21 45 5 24 16 28 15 
39 27 5 27 22 15 6 17 20 1 12 29 23 37 21 23 19 48 19 6 32 17 46 47 18 46 38 10 42 17 9 30 14 19 45 1 12 36 48 20 9 35 8 14 2 31 2 4 37 49 
33 5 30 38 38 16 35 9 45 37 13 12 49 27 8 46 39 5 20 28 36 43 9 6 20 1 23 41 18 14 48 18 40 16 5 10 1 2 29 8 41 26 13 14 21 8 40 19 39 28 
10 28 31 23 27 44 27 24 2 42 28 43 34 42 17 9 44 7 40 17 46 38 13 29 38 17 42 33 39 36 29 41 31 6 6 12 43 46 32 36 37 13 15 40 33 20 43 4 27 19 
47 34 33 39 22 24 27 16 19 48 41 14 5 28 3 29 34 44 2 4 7 14 31 20 43 36 29 24 38 41 17 1 30 28 33 37 23 14 47 38 16 29 27 13 43 45 21 23 47 42 
5 45 29 6 17 6 35 45 46 37 20 7 24 17 10 28 6 2 33 5 13 9 6 46 15 18 20 34 41 17 33 14 45 14 18 20 1 3 40 47 32 10 16 17 38 33 43 49 43 21 
31 19 7 45 45 25 17 6 19 33 34 42 30 46 35 3 16 45 31 3 12 24 41 32 46 32 14 15 6 40 11 1 40 1 14 14 22 46 11 48 35 37 3 38 13 48 12 11 8 27 
24 15 40 18 29 34 1 36 37 14 3 40 48 14 45 20 41 13 29 13 22 37 2 19 38 9 10 33 47 36 35 47 21 32 34 37 2 8 44 7 29 7 40 17 33 37 37 30 42 18 
15 45 47 32 26 40 31 23 18 35 16 28 5 36 24 26 35 47 2 25 34 36 17 6 1 22 3 33 26 43 4 17 26 13 45 3 24 43 33 35 20 26 47 29 12 41 4 19 9 47 
14 8 47 34 1 34 46 12 32 34 39 48 21 42 14 43 15 41 10 9 6 40 37 1 5 46 49 41 22 3 20 24 6 11 41 38 12 26 21 13 17 13 32 9 29 32 11 29 29 22 
11 33 13 48 48 28 45 9 13 46 44 28 24 11 42 36 40 20 5 24 4 15 22 22 48 11 13 2 14 9 48 25 29 18 1 27 18 31 28 35 6 26 12 1 8 30 12 47 16 7 
5 13 35 20 12 31 29 20 9 37 45 16 15 9 30 9 33 7 17 22 47 22 31 13 1 11 40 5 30 8 20 4 36 46 28 39 35 10 25 2 33 31 21 3 7 18 23 12 25 18 
13 19 33 15 14 35 9 13 12 31 47 20 21 31 42 28 27 12 2 49 14 7 1 5 48 46 11 46 3 2 43 48 10 19 15 34 35 41 1 27 24 35 27 15 43 2 11 32 41 38 
17 45 11 37 23 41 29 14 5 10 4 20 19 31 11 45 39 47 12 36 40 29 10 32 26 16 26 38 5 23 3 10 25 24 27 49 15 46 40 23 46 1 12 27 21 6 48 17 9 32 
10 10 37 20 25 28 20 13 48 13 9 34 9 1 31 30 20 15 43 9 9 2 15 14 6 9 16 29 17 10 35 3 33 43 24 28 13 24 8 22 10 9 6 30 28 39 23 8 13 10 
35 33 11 19 15 30 31 34 2 19 1 24 43 3 34 12 6 47 31 4 5 15 16 45 42 9 49 16 30 27 18 32 3 42 43 24 16 4 27 22 18 38 21 2 33 26 20 43 46 21 
19 14 13 37 35 42 2 3 19 40 37 47 19 48 37 3 14 47 25 23 43 7 14 20 35 27 45 38 47 2 24 35 5 31 5 5 37 2 19 49 41 20 25 1 20 21 49 20 27 15 
11 2 46 36 12 23 46 23 29 45 45 19 5 2 22 5 47 2 27 8 49 36 16 26 33 49 6 26 18 17 29 37 19 31 6 22 2 27 12 42 21 16 5 32 41 8 25 4 8 6 
46 17 16 38 34 5 33 19 33 26 5 42 23 31 29 30 47 39 33 44 23 45 6 38 15 37 49 35 14 39 44 14 20 46 34 26 48 42 7 15 40 29 2 20 19 39 47 49 22 11 
48 11 5 38 19 36 35 9 43 24 15 20 47 12 2 15 34 37 7 21 33 7 49 37 22 47 39 15 44 9 30 34 22 3 28 1 11 31 17 43 17 7 41 24 6 44 43 17 11 12 
11 45 20 28 39 48 18 19 13 3 20 39 29 20 19 4 5 10 2 30 33 30 38 29 30 4 33 31 43 35 8 48 5 23 25 16 5 22 29 24 8 43 29 5 24 46 39 48 43 35 
10 7 8 36 5 13 32 35 34 12 20 1 30 14 33 30 13 2 41 46 8 20 48 30 20 11 47 12 1 34 38 48 27 23 10 17 11 32 24 25 1 7 12 32 48 21 41 10 14 27 
39 46 44 15 3 45 36 19 5 31 18 35 31 32 29 30 32 40 17 19 35 7 46 4 23 25 7 47 7 41 2 8 29 37 39 34 30 18 38 10 7 21 6 45 48 38 14 38 23 36 
22 36 21 14 11 13 23 21 11 3 11 17 48 24 38 22 15 5 29 39 37 16 10 20 22 48 49 4 7 36 3 16 1 25 25 41 26 4 34 1 3 3 34 6 48 41 21 14 47 38 
43 25 47 29 1 46 42 7 2 9 7 2 1 24 2 11 29 39 39 20 14 45 5 22 16 47 24 18 40 25 22 42 2 47 33 46 44 3 2 21 18 15 14 48 13 14 43 11 27 41 
5 7 46 21 43 17 9 47 5 26 20 22 49 13 33 17 4 35 30 13 15 21 37 29 20 17 27 33 46 20 19 37 29 16 47 14 28 34 16 3 14 21 5 26 44 47 1 34 2 42 
21 47 37 31 1 13 44 39 1 39 14 10 6 19 11 18 14 25 1 14 3 44 14 44 29 15 24 16 3 32 40 17 38 19 28 16 25 36 14 10 45 9 46 6 48 29 29 18 13 29 
10 11 29 6 10 24 31 24 27 46 39 37 1 37 37 8 27 12 6 28 45 39 16 46 48 43 14 35 4 22 15 7 2 40 25 36 49 38 14 21 25 36 14 10 4 26 45 8 36 49 
48 26 31 48 48 6 27 48 22 22 44 4 24 4 15 29 33 23 9 38 7 34 36 42 5 20 1 5 45 21 39 18 22 37 39 22 21 26 17 5 34 41 45 11 16 10 46 13 16 29 
8 14 16 3 29 35 2 34 4 26 13 40 46 41 30 1 2 10 13 7 5 5 18 13 34 41 9 13 18 16 21 42 42 18 3 32 37 11 7 26 13 4 28 18 13 10 22 19 23 31 
47 19 17 41 38 6 45 31 2 32 1 8 5 29 42 25 30 18 20 38 8 47 39 7 32 49 35 7 44 13 22 34 39 4 38 45 41 41 11 34 37 4 22 30 19 6 47 36 1 21 
38 12 23 45 39 26 42 36 43 34 2 38 20 24 35 37 33 43 35 8 26 16 17 24 31 18 18 15 42 4 38 37 13 41 33 48 29 46 23 42 16 12 31 7 14 26 16 24 23 32 
47 37 11 9 29 36 25 16 47 17 29 46 5 27 36 30 23 4 1 15 40 38 8 47 18 23 19 18 33 41 46 45 28 49 30 20 27 10 14 47 42 15 21 11 19 40 37 16 17 27 
48 45 16 48 49 28 45 46 36 22 27 27 35 30 32 46 43 23 49 31 48 15 33 38 46 8 16 37 30 16 25 31 33 25 16 17 14 26 9 11 29 21 48 5 19 29 4 32 45 35 
28 40 22 36 45 14 11 5 44 6 40 24 32 39 39 46 33 27 27 20 40 11 32 34 35 39 10 21 29 32 16 29 10 26 27 18 4 2 9 20 27 28 7 12 21 13 41 31 5 37 
44 41 28 39 32 3 45 33 37 8 8 30 35 35 41 14 37 4 3 44 12 2 26 31 18 28 39 35 21 40 26 8 48 7 16 5 45 34 9 39 13 7 20 1 49 15 23 41 26 45 
48 8 38 18 45 25 7 25 32 5 9 40 9 42 7 14 30 18 12 28 33 35 13 7 13 3 40 19 33 16 47 41 3 17 1 22 39 4 27 9 11 12 39 16 48 15 38 40 30 33 
45 4 3 7 4 7 14 26 5 16 33 26 44 43 14 27 16 43 41 17 15 48 27 12 27 5 1 23 4 17 13 21 33 38 44 25 3 9 13 37 49 40 4 20 26 6 9 48 6 49 
32 37 27 43 2 43 36 24 23 13 4 6 32 33 44 27 7 11 7 10 36 41 26 46 1 27 21 46 11 15 13 43 5 24 30 40 11 10 48 33 11 2 18 34 10 9 12 48 21 26 
38 16 15 30 35 21 24 31 34 24 17 13 26 22 29 12 6 24 42 14 12 3 18 45 23 39 42 29 45 47 29 8 42 20 18 41 7 15 5 33 1 42 14 19 34 26 17 2 29 10 
36 49 19 48 45 17 42 7 28 29 36 7 2 24 12 9 27 34 4 38 24 30 42 40 17 22 25 10 23 15 9 8 9 17 9 34 3 34 8 30 4 34 38 22 33 37 38 32 21 41 
17 42 48 23 43 45 38 9 46 46 17 21 25 1 32 19 8 7 24 7 42 14 19 18 36 41 16 4 37 3 9 13 24 8 19 41 22 36 4 45 8 30 47 23 40 28 7 36 13 45 
5 31 10 3 40 16 17 26 10 40 8 36 8 15 27 42 35 42 21 5 41 22 25 37 28 2 49 44 13 13 40 48 11 35 25 30 34 29 35 23 1 10 21 40 32 2 27 42 48 45 
46 31 12 31 49 6 47 33 26 6 46 26 30 19 24 22 17 45 49 5 48 33 6 15 20 26 16 35 45 23 21 21 9 16 38 12 38 33 22 36 30 32 45 22 7 23 16 26 21 11 
7 14 7 25 2 23 27 42 7 49 33 34 14 26 45 7 41 42 8 42 11 17 11 21 42 15 7 25 24 23 40 20 23 28 15 32 11 31 47 37 30 22 32 34 34 24 17 9 47 32 
25 21 44 7 1 2 49 37 22 32 11 13 16 46 1 4 1 44 44 24 31 43 24 15 19 14 20 2 1 45 25 14 19 41 23 20 11 44 1 25 25 17 24 22 19 8 46 48 6 20 
35 8 29 25 32 1 7 1 23 48 17 17 11 38 47 28 37 13 27 3 23 22 43 24 28 20 21 24 15 48 8 16 5 23 25 41 6 45 9 9 20 1 38 9 32 41 29 10 5 27 
16 39 13 34 23 36 19 18 44 23 22 35 4 34 15 4 41 31 27 3 21 8 32 48 21 9 2 17 12 27 28 32 47 34 34 10 5 35 5 23 25 25 8 48 25 7 17 38 34 3 
